SU3_ADJOINT_SWAP_TABLE_V1
# Eq8 convention: B(g1,g2)[in] = sum_out W[out,in] B(g2,g1)[out]
# Irrep convention: SU(3) Dynkin labels p q; adjoint=(1,1)
# Vertex convention: isometric real CG maps; multiplicities are zero-based
# Self vertex mult=0: normalized action v tensor X -> rho(X)v (except 8x8)
# 8x8->8: mult=0 Jordan/symmetric, mult=1 Lie-bracket/antisymmetric
NC 3
ADJOINT_PQ 1 1
MAX_PREFIX_GLUONS 3
NBLOCKS 89
NPATHS 291
NVALUES 1317
BEGIN_BLOCKS
# block left_p left_q right_p right_q size
0 0 0 0 0 1
1 0 0 0 3 1
2 0 0 1 1 2
3 0 0 2 2 1
4 0 0 3 0 1
5 1 1 0 0 2
6 1 1 0 3 4
7 1 1 1 1 8
8 1 1 1 4 2
9 1 1 2 2 6
10 1 1 3 0 4
11 1 1 3 3 1
12 1 1 4 1 2
13 0 3 0 0 1
14 0 3 0 3 4
15 0 3 0 6 1
16 0 3 1 1 4
17 0 3 1 4 4
18 0 3 2 2 5
19 0 3 2 5 1
20 0 3 3 0 2
21 0 3 3 3 2
22 0 3 4 1 1
23 2 2 0 0 1
24 2 2 0 3 5
25 2 2 0 6 1
26 2 2 1 1 6
27 2 2 1 4 6
28 2 2 2 2 10
29 2 2 2 5 2
30 2 2 3 0 5
31 2 2 3 3 6
32 2 2 4 1 6
33 2 2 4 4 1
34 2 2 5 2 2
35 2 2 6 0 1
36 3 0 0 0 1
37 3 0 0 3 2
38 3 0 1 1 4
39 3 0 1 4 1
40 3 0 2 2 5
41 3 0 3 0 4
42 3 0 3 3 2
43 3 0 4 1 4
44 3 0 5 2 1
45 3 0 6 0 1
46 1 4 0 3 4
47 1 4 0 6 4
48 1 4 1 1 2
49 1 4 1 4 9
50 1 4 1 7 2
51 1 4 2 2 6
52 1 4 2 5 6
53 1 4 3 0 1
54 1 4 3 3 6
55 1 4 3 6 1
56 1 4 4 1 2
57 1 4 4 4 2
58 1 4 5 2 1
59 3 3 0 3 2
60 3 3 0 6 2
61 3 3 1 1 1
62 3 3 1 4 6
63 3 3 1 7 1
64 3 3 2 2 6
65 3 3 2 5 6
66 3 3 3 0 2
67 3 3 3 3 10
68 3 3 3 6 2
69 3 3 4 1 6
70 3 3 4 4 6
71 3 3 5 2 6
72 3 3 5 5 1
73 3 3 6 0 2
74 3 3 6 3 2
75 3 3 7 1 1
76 4 1 0 3 1
77 4 1 1 1 2
78 4 1 1 4 2
79 4 1 2 2 6
80 4 1 2 5 1
81 4 1 3 0 4
82 4 1 3 3 6
83 4 1 4 1 9
84 4 1 4 4 2
85 4 1 5 2 6
86 4 1 6 0 4
87 4 1 6 3 1
88 4 1 7 1 2
END_BLOCKS
BEGIN_PATHS
# block path middle_p middle_q left_mult right_mult left_parity right_parity
0 0 1 1 0 0 0 1
1 0 1 1 0 0 0 -1
2 0 1 1 0 0 0 1
2 1 1 1 0 1 0 -1
3 0 1 1 0 0 0 1
4 0 1 1 0 0 0 -1
5 0 1 1 0 0 1 1
5 1 1 1 1 0 -1 1
6 0 0 3 0 0 -1 0
6 1 1 1 0 0 1 -1
6 2 1 1 1 0 -1 -1
6 3 2 2 0 0 1 0
7 0 0 0 0 0 1 0
7 1 0 3 0 0 -1 0
7 2 1 1 0 0 1 1
7 3 1 1 0 1 1 -1
7 4 1 1 1 0 -1 1
7 5 1 1 1 1 -1 -1
7 6 2 2 0 0 1 0
7 7 3 0 0 0 -1 0
8 0 0 3 0 0 -1 0
8 1 2 2 0 0 1 0
9 0 0 3 0 0 -1 0
9 1 1 1 0 0 1 1
9 2 1 1 1 0 -1 1
9 3 2 2 0 0 1 0
9 4 2 2 0 1 1 0
9 5 3 0 0 0 -1 0
10 0 1 1 0 0 1 -1
10 1 1 1 1 0 -1 -1
10 2 2 2 0 0 1 0
10 3 3 0 0 0 -1 0
11 0 2 2 0 0 1 0
12 0 2 2 0 0 1 0
12 1 3 0 0 0 -1 0
13 0 1 1 0 0 0 1
14 0 0 3 0 0 0 0
14 1 1 1 0 0 0 -1
14 2 1 4 0 0 0 0
14 3 2 2 0 0 0 0
15 0 1 4 0 0 0 0
16 0 0 3 0 0 0 0
16 1 1 1 0 0 0 1
16 2 1 1 0 1 0 -1
16 3 2 2 0 0 0 0
17 0 0 3 0 0 0 0
17 1 1 4 0 0 0 0
17 2 1 4 0 1 0 0
17 3 2 2 0 0 0 0
18 0 0 3 0 0 0 0
18 1 1 1 0 0 0 1
18 2 1 4 0 0 0 0
18 3 2 2 0 0 0 0
18 4 2 2 0 1 0 0
19 0 1 4 0 0 0 0
20 0 1 1 0 0 0 -1
20 1 2 2 0 0 0 0
21 0 1 4 0 0 0 0
21 1 2 2 0 0 0 0
22 0 2 2 0 0 0 0
23 0 1 1 0 0 0 1
24 0 0 3 0 0 0 0
24 1 1 1 0 0 0 -1
24 2 1 4 0 0 0 0
24 3 2 2 0 0 0 0
24 4 2 2 1 0 0 0
25 0 1 4 0 0 0 0
26 0 0 3 0 0 0 0
26 1 1 1 0 0 0 1
26 2 1 1 0 1 0 -1
26 3 2 2 0 0 0 0
26 4 2 2 1 0 0 0
26 5 3 0 0 0 0 0
27 0 0 3 0 0 0 0
27 1 1 4 0 0 0 0
27 2 1 4 0 1 0 0
27 3 2 2 0 0 0 0
27 4 2 2 1 0 0 0
27 5 3 3 0 0 0 0
28 0 0 3 0 0 0 0
28 1 1 1 0 0 0 1
28 2 1 4 0 0 0 0
28 3 2 2 0 0 0 0
28 4 2 2 0 1 0 0
28 5 2 2 1 0 0 0
28 6 2 2 1 1 0 0
28 7 3 0 0 0 0 0
28 8 3 3 0 0 0 0
28 9 4 1 0 0 0 0
29 0 1 4 0 0 0 0
29 1 3 3 0 0 0 0
30 0 1 1 0 0 0 -1
30 1 2 2 0 0 0 0
30 2 2 2 1 0 0 0
30 3 3 0 0 0 0 0
30 4 4 1 0 0 0 0
31 0 1 4 0 0 0 0
31 1 2 2 0 0 0 0
31 2 2 2 1 0 0 0
31 3 3 3 0 0 0 0
31 4 3 3 0 1 0 0
31 5 4 1 0 0 0 0
32 0 2 2 0 0 0 0
32 1 2 2 1 0 0 0
32 2 3 0 0 0 0 0
32 3 3 3 0 0 0 0
32 4 4 1 0 0 0 0
32 5 4 1 0 1 0 0
33 0 3 3 0 0 0 0
34 0 3 3 0 0 0 0
34 1 4 1 0 0 0 0
35 0 4 1 0 0 0 0
36 0 1 1 0 0 0 1
37 0 1 1 0 0 0 -1
37 1 2 2 0 0 0 0
38 0 1 1 0 0 0 1
38 1 1 1 0 1 0 -1
38 2 2 2 0 0 0 0
38 3 3 0 0 0 0 0
39 0 2 2 0 0 0 0
40 0 1 1 0 0 0 1
40 1 2 2 0 0 0 0
40 2 2 2 0 1 0 0
40 3 3 0 0 0 0 0
40 4 4 1 0 0 0 0
41 0 1 1 0 0 0 -1
41 1 2 2 0 0 0 0
41 2 3 0 0 0 0 0
41 3 4 1 0 0 0 0
42 0 2 2 0 0 0 0
42 1 4 1 0 0 0 0
43 0 2 2 0 0 0 0
43 1 3 0 0 0 0 0
43 2 4 1 0 0 0 0
43 3 4 1 0 1 0 0
44 0 4 1 0 0 0 0
45 0 4 1 0 0 0 0
46 0 0 3 0 0 0 0
46 1 1 4 0 0 0 0
46 2 1 4 1 0 0 0
46 3 2 2 0 0 0 0
47 0 0 6 0 0 0 0
47 1 1 4 0 0 0 0
47 2 1 4 1 0 0 0
47 3 2 5 0 0 0 0
48 0 0 3 0 0 0 0
48 1 2 2 0 0 0 0
49 0 0 3 0 0 0 0
49 1 0 6 0 0 0 0
49 2 1 4 0 0 0 0
49 3 1 4 0 1 0 0
49 4 1 4 1 0 0 0
49 5 1 4 1 1 0 0
49 6 2 2 0 0 0 0
49 7 2 5 0 0 0 0
49 8 3 3 0 0 0 0
50 0 0 6 0 0 0 0
50 1 2 5 0 0 0 0
51 0 0 3 0 0 0 0
51 1 1 4 0 0 0 0
51 2 1 4 1 0 0 0
51 3 2 2 0 0 0 0
51 4 2 2 0 1 0 0
51 5 3 3 0 0 0 0
52 0 0 6 0 0 0 0
52 1 1 4 0 0 0 0
52 2 1 4 1 0 0 0
52 3 2 5 0 0 0 0
52 4 2 5 0 1 0 0
52 5 3 3 0 0 0 0
53 0 2 2 0 0 0 0
54 0 1 4 0 0 0 0
54 1 1 4 1 0 0 0
54 2 2 2 0 0 0 0
54 3 2 5 0 0 0 0
54 4 3 3 0 0 0 0
54 5 3 3 0 1 0 0
55 0 2 5 0 0 0 0
56 0 2 2 0 0 0 0
56 1 3 3 0 0 0 0
57 0 2 5 0 0 0 0
57 1 3 3 0 0 0 0
58 0 3 3 0 0 0 0
59 0 1 4 0 0 0 0
59 1 2 2 0 0 0 0
60 0 1 4 0 0 0 0
60 1 2 5 0 0 0 0
61 0 2 2 0 0 0 0
62 0 1 4 0 0 0 0
62 1 1 4 0 1 0 0
62 2 2 2 0 0 0 0
62 3 2 5 0 0 0 0
62 4 3 3 0 0 0 0
62 5 3 3 1 0 0 0
63 0 2 5 0 0 0 0
64 0 1 4 0 0 0 0
64 1 2 2 0 0 0 0
64 2 2 2 0 1 0 0
64 3 3 3 0 0 0 0
64 4 3 3 1 0 0 0
64 5 4 1 0 0 0 0
65 0 1 4 0 0 0 0
65 1 2 5 0 0 0 0
65 2 2 5 0 1 0 0
65 3 3 3 0 0 0 0
65 4 3 3 1 0 0 0
65 5 4 4 0 0 0 0
66 0 2 2 0 0 0 0
66 1 4 1 0 0 0 0
67 0 1 4 0 0 0 0
67 1 2 2 0 0 0 0
67 2 2 5 0 0 0 0
67 3 3 3 0 0 0 0
67 4 3 3 0 1 0 0
67 5 3 3 1 0 0 0
67 6 3 3 1 1 0 0
67 7 4 1 0 0 0 0
67 8 4 4 0 0 0 0
67 9 5 2 0 0 0 0
68 0 2 5 0 0 0 0
68 1 4 4 0 0 0 0
69 0 2 2 0 0 0 0
69 1 3 3 0 0 0 0
69 2 3 3 1 0 0 0
69 3 4 1 0 0 0 0
69 4 4 1 0 1 0 0
69 5 5 2 0 0 0 0
70 0 2 5 0 0 0 0
70 1 3 3 0 0 0 0
70 2 3 3 1 0 0 0
70 3 4 4 0 0 0 0
70 4 4 4 0 1 0 0
70 5 5 2 0 0 0 0
71 0 3 3 0 0 0 0
71 1 3 3 1 0 0 0
71 2 4 1 0 0 0 0
71 3 4 4 0 0 0 0
71 4 5 2 0 0 0 0
71 5 5 2 0 1 0 0
72 0 4 4 0 0 0 0
73 0 4 1 0 0 0 0
73 1 5 2 0 0 0 0
74 0 4 4 0 0 0 0
74 1 5 2 0 0 0 0
75 0 5 2 0 0 0 0
76 0 2 2 0 0 0 0
77 0 2 2 0 0 0 0
77 1 3 0 0 0 0 0
78 0 2 2 0 0 0 0
78 1 3 3 0 0 0 0
79 0 2 2 0 0 0 0
79 1 2 2 0 1 0 0
79 2 3 0 0 0 0 0
79 3 3 3 0 0 0 0
79 4 4 1 0 0 0 0
79 5 4 1 1 0 0 0
80 0 3 3 0 0 0 0
81 0 2 2 0 0 0 0
81 1 3 0 0 0 0 0
81 2 4 1 0 0 0 0
81 3 4 1 1 0 0 0
82 0 2 2 0 0 0 0
82 1 3 3 0 0 0 0
82 2 3 3 0 1 0 0
82 3 4 1 0 0 0 0
82 4 4 1 1 0 0 0
82 5 5 2 0 0 0 0
83 0 2 2 0 0 0 0
83 1 3 0 0 0 0 0
83 2 3 3 0 0 0 0
83 3 4 1 0 0 0 0
83 4 4 1 0 1 0 0
83 5 4 1 1 0 0 0
83 6 4 1 1 1 0 0
83 7 5 2 0 0 0 0
83 8 6 0 0 0 0 0
84 0 3 3 0 0 0 0
84 1 5 2 0 0 0 0
85 0 3 3 0 0 0 0
85 1 4 1 0 0 0 0
85 2 4 1 1 0 0 0
85 3 5 2 0 0 0 0
85 4 5 2 0 1 0 0
85 5 6 0 0 0 0 0
86 0 4 1 0 0 0 0
86 1 4 1 1 0 0 0
86 2 5 2 0 0 0 0
86 3 6 0 0 0 0 0
87 0 5 2 0 0 0 0
88 0 5 2 0 0 0 0
88 1 6 0 0 0 0 0
END_PATHS
BEGIN_VALUES
# block out_path in_path coefficient
0 0 0 1.00000000000000000e+00
1 0 0 -1.00000000000000000e+00
2 0 0 1.00000000000000000e+00
2 1 1 -1.00000000000000000e+00
3 0 0 1.00000000000000000e+00
4 0 0 -1.00000000000000000e+00
5 0 0 1.00000000000000000e+00
5 1 1 -1.00000000000000000e+00
6 0 0 -5.00000000000000333e-01
6 0 1 -3.16227766016838219e-01
6 0 2 -7.07106781186548239e-01
6 0 3 -3.87298334620741702e-01
6 1 0 -3.16227766016838330e-01
6 1 1 4.00000000000000355e-01
6 1 2 4.47213595499958372e-01
6 1 3 -7.34846922834953564e-01
6 2 0 -7.07106781186548461e-01
6 2 1 4.47213595499958316e-01
6 2 3 5.47722557505166185e-01
6 3 0 -3.87298334620741702e-01
6 3 1 -7.34846922834953564e-01
6 3 2 5.47722557505166185e-01
6 3 3 9.99999999999999917e-02
7 0 0 1.25000000000000194e-01
7 0 1 3.95284707521048218e-01
7 0 2 3.53553390593274286e-01
7 0 5 -3.53553390593274230e-01
7 0 6 6.49519052838329558e-01
7 0 7 3.95284707521047829e-01
7 1 0 3.95284707521048162e-01
7 1 1 2.50000000000000222e-01
7 1 2 -4.47213595499958760e-01
7 1 3 -5.00000000000000777e-01
7 1 4 -5.00000000000000888e-01
7 1 6 -1.36930639376291546e-01
7 1 7 2.50000000000000056e-01
7 2 0 3.53553390593274341e-01
7 2 1 -4.47213595499958760e-01
7 2 2 -3.00000000000000433e-01
7 2 5 -5.00000000000000888e-01
7 2 6 3.67423461417476838e-01
7 2 7 -4.47213595499958205e-01
7 3 1 -5.00000000000000666e-01
7 3 3 -5.00000000000000555e-01
7 3 4 5.00000000000000666e-01
7 3 7 5.00000000000000222e-01
7 4 1 -5.00000000000000888e-01
7 4 3 5.00000000000000777e-01
7 4 4 -5.00000000000000555e-01
7 4 7 5.00000000000000222e-01
7 5 0 -3.53553390593274286e-01
7 5 2 -5.00000000000000666e-01
7 5 5 5.00000000000000777e-01
7 5 6 6.12372435695794914e-01
7 6 0 6.49519052838329669e-01
7 6 1 -1.36930639376291546e-01
7 6 2 3.67423461417476949e-01
7 6 5 6.12372435695795136e-01
7 6 6 1.75000000000000044e-01
7 6 7 -1.36930639376291574e-01
7 7 0 3.95284707521047773e-01
7 7 1 2.50000000000000000e-01
7 7 2 -4.47213595499958094e-01
7 7 3 5.00000000000000222e-01
7 7 4 5.00000000000000222e-01
7 7 6 -1.36930639376291519e-01
7 7 7 2.50000000000000056e-01
8 0 0 5.00000000000000000e-01
8 0 1 8.66025403784438708e-01
8 1 0 8.66025403784438819e-01
8 1 1 -4.99999999999999889e-01
9 0 0 -1.66666666666666657e-01
9 0 1 4.47213595499958039e-01
9 0 2 -3.33333333333333426e-01
9 0 3 2.04124145231931564e-01
9 0 4 -4.18330013267037892e-01
9 0 5 6.66666666666666741e-01
9 1 0 4.47213595499958150e-01
9 1 1 2.00000000000000122e-01
9 1 4 7.48331477354788777e-01
9 1 5 4.47213595499958150e-01
9 2 0 -3.33333333333333537e-01
9 2 2 3.33333333333333537e-01
9 2 3 -8.16496580927726368e-01
9 2 5 3.33333333333333481e-01
9 3 0 2.04124145231931675e-01
9 3 2 -8.16496580927726368e-01
9 3 3 -5.00000000000000222e-01
9 3 5 -2.04124145231931481e-01
9 4 0 -4.18330013267038003e-01
9 4 1 7.48331477354788666e-01
9 4 4 3.00000000000000155e-01
9 4 5 -4.18330013267037892e-01
9 5 0 6.66666666666666963e-01
9 5 1 4.47213595499958094e-01
9 5 2 3.33333333333333426e-01
9 5 3 -2.04124145231931481e-01
9 5 4 -4.18330013267037837e-01
9 5 5 -1.66666666666666713e-01
10 0 0 4.00000000000000133e-01
10 0 1 -4.47213595499958150e-01
10 0 2 -7.34846922834953675e-01
10 0 3 3.16227766016838052e-01
10 1 0 -4.47213595499958150e-01
10 1 2 -5.47722557505166296e-01
10 1 3 -7.07106781186547906e-01
10 2 0 -7.34846922834953675e-01
10 2 1 -5.47722557505166296e-01
10 2 2 1.00000000000000130e-01
10 2 3 3.87298334620741813e-01
10 3 0 3.16227766016838108e-01
10 3 1 -7.07106781186547906e-01
10 3 2 3.87298334620741758e-01
10 3 3 -5.00000000000000222e-01
11 0 0 1.00000000000000000e+00
12 0 0 -5.00000000000000111e-01
12 0 1 8.66025403784438708e-01
12 1 0 8.66025403784438597e-01
12 1 1 4.99999999999999889e-01
13 0 0 -1.00000000000000000e+00
14 0 0 7.50000000000000666e-01
14 0 1 4.47213595499958205e-01
14 0 2 4.67707173346742777e-01
14 0 3 1.36930639376291519e-01
14 1 0 4.47213595499958316e-01
14 1 1 2.00000000000000094e-01
14 1 2 -8.36660026534075563e-01
14 1 3 -2.44948974278317827e-01
14 2 0 4.67707173346742777e-01
14 2 1 -8.36660026534075563e-01
14 2 2 1.24999999999999986e-01
14 2 3 -2.56173769148989983e-01
14 3 0 1.36930639376291519e-01
14 3 1 -2.44948974278317716e-01
14 3 2 -2.56173769148989927e-01
14 3 3 9.25000000000000155e-01
15 0 0 -1.00000000000000000e+00
16 0 0 -5.00000000000000444e-01
16 0 1 -3.16227766016838163e-01
16 0 2 -7.07106781186548350e-01
16 0 3 -3.87298334620741758e-01
16 1 0 -3.16227766016838219e-01
16 1 1 4.00000000000000300e-01
16 1 2 4.47213595499958261e-01
16 1 3 -7.34846922834953786e-01
16 2 0 -7.07106781186548350e-01
16 2 1 4.47213595499958205e-01
16 2 3 5.47722557505166296e-01
16 3 0 -3.87298334620741702e-01
16 3 1 -7.34846922834953564e-01
16 3 2 5.47722557505166296e-01
16 3 3 1.00000000000000033e-01
17 0 0 2.50000000000000056e-01
17 0 1 8.83883476483184216e-01
17 0 2 -2.50000000000000167e-01
17 0 3 -3.06186217847897346e-01
17 1 0 8.83883476483184216e-01
17 1 1 -3.74999999999999778e-01
17 1 2 -1.76776695296636893e-01
17 1 3 -2.16506350946109816e-01
17 2 0 -2.50000000000000222e-01
17 2 1 -1.76776695296636949e-01
17 2 2 2.50000000000000333e-01
17 2 3 -9.18558653543692705e-01
17 3 0 -3.06186217847897291e-01
17 3 1 -2.16506350946109677e-01
17 3 2 -9.18558653543692483e-01
17 3 3 -1.25000000000000056e-01
18 0 0 -8.33333333333333426e-02
18 0 1 -2.10818510677892007e-01
18 0 2 3.48608344389198244e-01
18 0 3 7.93856620135735658e-01
18 0 4 -4.43705983732471387e-01
18 1 0 -2.10818510677892035e-01
18 1 1 6.66666666666666935e-02
18 1 2 8.81917103688197201e-01
18 1 3 -1.82574185835055414e-01
18 1 4 3.74165738677394388e-01
18 2 0 3.48608344389198244e-01
18 2 1 8.81917103688197090e-01
18 2 2 4.16666666666666713e-02
18 2 3 3.01903682212280033e-01
18 2 4 8.83883476483184605e-02
18 3 0 7.93856620135735769e-01
18 3 1 -1.82574185835055469e-01
18 3 2 3.01903682212280033e-01
18 3 3 -3.12500000000000167e-01
18 3 4 -3.84260653723485113e-01
18 4 0 -4.43705983732471554e-01
18 4 1 3.74165738677394333e-01
18 4 2 8.83883476483184466e-02
18 4 3 -3.84260653723485168e-01
18 4 4 -7.12500000000000466e-01
19 0 0 1.00000000000000000e+00
20 0 0 2.00000000000000011e-01
20 0 1 9.79795897113271197e-01
20 1 0 9.79795897113271308e-01
20 1 1 -1.99999999999999983e-01
21 0 0 -2.50000000000000056e-01
21 0 1 9.68245836551854477e-01
21 1 0 9.68245836551854144e-01
21 1 1 2.50000000000000056e-01
22 0 0 1.00000000000000000e+00
23 0 0 1.00000000000000000e+00
24 0 0 -8.33333333333333565e-02
24 0 1 -2.10818510677892063e-01
24 0 2 3.48608344389198188e-01
24 0 3 7.93856620135735880e-01
24 0 4 -4.43705983732471498e-01
24 1 0 -2.10818510677892007e-01
24 1 1 6.66666666666666657e-02
24 1 2 8.81917103688196979e-01
24 1 3 -1.82574185835055330e-01
24 1 4 3.74165738677394333e-01
24 2 0 3.48608344389198244e-01
24 2 1 8.81917103688197312e-01
24 2 2 4.16666666666666990e-02
24 2 3 3.01903682212280089e-01
24 2 4 8.83883476483183911e-02
24 3 0 7.93856620135735658e-01
24 3 1 -1.82574185835055358e-01
24 3 2 3.01903682212280033e-01
24 3 3 -3.12500000000000111e-01
24 3 4 -3.84260653723485168e-01
24 4 0 -4.43705983732471443e-01
24 4 1 3.74165738677394277e-01
24 4 2 8.83883476483184466e-02
24 4 3 -3.84260653723485113e-01
24 4 4 -7.12500000000000577e-01
25 0 0 1.00000000000000000e+00
26 0 0 -1.66666666666666685e-01
26 0 1 4.47213595499958205e-01
26 0 2 -3.33333333333333537e-01
26 0 3 2.04124145231931647e-01
26 0 4 -4.18330013267038059e-01
26 0 5 6.66666666666666963e-01
26 1 0 4.47213595499958039e-01
26 1 1 2.00000000000000067e-01
26 1 4 7.48331477354788888e-01
26 1 5 4.47213595499958150e-01
26 2 0 -3.33333333333333426e-01
26 2 2 3.33333333333333592e-01
26 2 3 -8.16496580927726479e-01
26 2 5 3.33333333333333592e-01
26 3 0 2.04124145231931592e-01
26 3 2 -8.16496580927726590e-01
26 3 3 -5.00000000000000222e-01
26 3 5 -2.04124145231931620e-01
26 4 0 -4.18330013267038003e-01
26 4 1 7.48331477354788888e-01
26 4 4 3.00000000000000322e-01
26 4 5 -4.18330013267038170e-01
26 5 0 6.66666666666666741e-01
26 5 1 4.47213595499958039e-01
26 5 2 3.33333333333333537e-01
26 5 3 -2.04124145231931592e-01
26 5 4 -4.18330013267038059e-01
26 5 5 -1.66666666666666741e-01
27 0 0 8.33333333333333426e-02
27 0 1 1.31761569173682508e-01
27 0 2 5.59016994374947784e-01
27 0 3 1.61374306091975728e-01
27 0 4 4.72455591261534344e-02
27 0 5 7.96819072889595748e-01
27 1 0 1.31761569173682536e-01
27 1 1 -2.91666666666666408e-01
27 1 2 1.76776695296636921e-01
27 1 3 8.67527617235708925e-01
27 1 4 -2.24105364250198780e-01
27 1 5 -2.51976315339484669e-01
27 2 0 5.59016994374948006e-01
27 2 1 1.76776695296636921e-01
27 2 2 -2.50000000000000389e-01
27 2 3 2.16506350946109871e-01
27 2 4 7.39509972887452793e-01
27 3 0 1.61374306091975728e-01
27 3 1 8.67527617235708703e-01
27 3 2 2.16506350946109843e-01
27 3 3 6.24999999999999722e-02
27 3 4 -2.74471895516775033e-01
27 3 5 -3.08606699924183825e-01
27 4 0 4.72455591261534344e-02
27 4 1 -2.24105364250198752e-01
27 4 2 7.39509972887452793e-01
27 4 3 -2.74471895516775088e-01
27 4 4 3.48214285714286031e-01
27 4 5 -4.51753951452625646e-01
27 5 0 7.96819072889595859e-01
27 5 1 -2.51976315339484724e-01
27 5 3 -3.08606699924183936e-01
27 5 4 -4.51753951452625868e-01
27 5 5 4.76190476190476303e-02
28 0 0 3.42592592592592615e-01
28 0 1 -3.31269329999969026e-02
28 0 2 -8.66124395086560472e-02
28 0 3 1.90181443578182785e-01
28 0 4 2.33853586673371500e-01
28 0 5 2.33853586673371472e-01
28 0 6 4.33613691358256892e-01
28 0 7 -7.40740740740740977e-02
28 0 8 -2.34242789642102212e-01
28 0 9 6.92899516069248600e-01
28 1 0 -3.31269329999969026e-02
28 1 1 5.18518518518518573e-02
28 1 2 3.09874083901509612e-01
28 1 3 -2.72165526975908789e-01
28 1 6 1.63299316185545329e-01
28 1 7 -3.31269329999969026e-02
28 1 8 8.38052481406278860e-01
28 1 9 3.09874083901509612e-01
28 2 0 -8.66124395086560472e-02
28 2 1 3.09874083901509667e-01
28 2 2 1.43518518518518545e-01
28 2 3 -7.11593803191639535e-02
28 2 4 3.12500000000000278e-01
28 2 5 3.12500000000000222e-01
28 2 6 -3.96459404635342016e-01
28 2 7 6.92899516069248711e-01
28 2 8 -6.26040188687790045e-02
28 2 9 1.85185185185185203e-01
28 3 0 1.90181443578182785e-01
28 3 1 -2.72165526975908789e-01
28 3 2 -7.11593803191639535e-02
28 3 3 8.12500000000000555e-01
28 3 6 -1.87500000000000194e-01
28 3 7 1.90181443578182813e-01
28 3 8 3.84900179459750691e-01
28 3 9 -7.11593803191638841e-02
28 4 0 2.33853586673371472e-01
28 4 2 3.12500000000000222e-01
28 4 4 -1.87500000000000111e-01
28 4 5 8.12500000000000888e-01
28 4 7 -2.33853586673371472e-01
28 4 9 -3.12500000000000222e-01
28 5 0 2.33853586673371500e-01
28 5 2 3.12500000000000278e-01
28 5 4 8.12500000000000888e-01
28 5 5 -1.87500000000000222e-01
28 5 7 -2.33853586673371555e-01
28 5 9 -3.12500000000000167e-01
28 6 0 4.33613691358256947e-01
28 6 1 1.63299316185545385e-01
28 6 2 -3.96459404635342016e-01
28 6 3 -1.87500000000000167e-01
28 6 6 4.69642857142857806e-01
28 6 7 4.33613691358256892e-01
28 6 8 1.64957219768464614e-01
28 6 9 -3.96459404635341961e-01
28 7 0 -7.40740740740740977e-02
28 7 1 -3.31269329999968887e-02
28 7 2 6.92899516069248600e-01
28 7 3 1.90181443578182757e-01
28 7 4 -2.33853586673371500e-01
28 7 5 -2.33853586673371583e-01
28 7 6 4.33613691358256892e-01
28 7 7 3.42592592592592671e-01
28 7 8 -2.34242789642102212e-01
28 7 9 -8.66124395086560889e-02
28 8 0 -2.34242789642102128e-01
28 8 1 8.38052481406278194e-01
28 8 2 -6.26040188687789767e-02
28 8 3 3.84900179459750524e-01
28 8 6 1.64957219768464558e-01
28 8 7 -2.34242789642102101e-01
28 8 8 6.87830687830687931e-02
28 8 9 -6.26040188687790183e-02
28 9 0 6.92899516069248489e-01
28 9 1 3.09874083901509556e-01
28 9 2 1.85185185185185147e-01
28 9 3 -7.11593803191639535e-02
28 9 4 -3.12500000000000222e-01
28 9 5 -3.12500000000000222e-01
28 9 6 -3.96459404635341961e-01
28 9 7 -8.66124395086560750e-02
28 9 8 -6.26040188687790183e-02
28 9 9 1.43518518518518601e-01
29 0 0 3.33333333333333315e-01
29 0 1 9.42809041582063356e-01
29 1 0 9.42809041582063245e-01
29 1 1 -3.33333333333333370e-01
30 0 0 6.66666666666666657e-02
30 0 1 1.82574185835055386e-01
30 0 2 3.74165738677394333e-01
30 0 3 2.10818510677892035e-01
30 0 4 8.81917103688197090e-01
30 1 0 1.82574185835055441e-01
30 1 1 -3.12500000000000278e-01
30 1 2 3.84260653723485224e-01
30 1 3 7.93856620135735769e-01
30 1 4 -3.01903682212280089e-01
30 2 0 3.74165738677394444e-01
30 2 1 3.84260653723485279e-01
30 2 2 -7.12500000000000688e-01
30 2 3 4.43705983732471498e-01
30 2 4 8.83883476483184605e-02
30 3 0 2.10818510677891979e-01
30 3 1 7.93856620135735658e-01
30 3 2 4.43705983732471387e-01
30 3 3 -8.33333333333334259e-02
30 3 4 -3.48608344389198299e-01
30 4 0 8.81917103688197090e-01
30 4 1 -3.01903682212280089e-01
30 4 2 8.83883476483184605e-02
30 4 3 -3.48608344389198299e-01
30 4 4 4.16666666666666852e-02
31 0 0 -8.33333333333333426e-02
31 0 1 2.28217732293819364e-01
31 0 2 3.34076552390530634e-01
31 0 3 1.66666666666666824e-01
31 0 4 -3.27326835353988710e-01
31 0 5 8.33333333333333703e-01
31 1 0 2.28217732293819281e-01
31 1 1 2.50000000000000167e-01
31 1 3 9.12870929175277013e-01
31 1 5 -2.28217732293819309e-01
31 2 0 3.34076552390530579e-01
31 2 2 1.07142857142857206e-01
31 2 4 8.74817765279706894e-01
31 2 5 3.34076552390530745e-01
31 3 0 1.66666666666666685e-01
31 3 1 9.12870929175277235e-01
31 3 3 -3.33333333333333481e-01
31 3 5 -1.66666666666666630e-01
31 4 0 -3.27326835353988599e-01
31 4 2 8.74817765279707116e-01
31 4 4 1.42857142857142988e-01
31 4 5 -3.27326835353988821e-01
31 5 0 8.33333333333333259e-01
31 5 1 -2.28217732293819309e-01
31 5 2 3.34076552390530634e-01
31 5 3 -1.66666666666666602e-01
31 5 4 -3.27326835353988765e-01
31 5 5 -8.33333333333333842e-02
32 0 0 6.25000000000000555e-02
32 0 1 2.74471895516775144e-01
32 0 2 -1.61374306091975728e-01
32 0 3 3.08606699924183991e-01
32 0 4 8.67527617235709148e-01
32 0 5 -2.16506350946109732e-01
32 1 0 2.74471895516775144e-01
32 1 1 3.48214285714285920e-01
32 1 2 4.72455591261533997e-02
32 1 3 -4.51753951452625813e-01
32 1 4 2.24105364250199030e-01
32 1 5 7.39509972887452460e-01
32 2 0 -1.61374306091975728e-01
32 2 1 4.72455591261533997e-02
32 2 2 8.33333333333333148e-02
32 2 3 7.96819072889595859e-01
32 2 4 -1.31761569173682314e-01
32 2 5 5.59016994374947562e-01
32 3 0 3.08606699924183825e-01
32 3 1 -4.51753951452625702e-01
32 3 2 7.96819072889595525e-01
32 3 3 4.76190476190476303e-02
32 3 4 2.51976315339484891e-01
32 4 0 8.67527617235709370e-01
32 4 1 2.24105364250199085e-01
32 4 2 -1.31761569173682314e-01
32 4 3 2.51976315339484891e-01
32 4 4 -2.91666666666666852e-01
32 4 5 -1.76776695296637032e-01
32 5 0 -2.16506350946109705e-01
32 5 1 7.39509972887452460e-01
32 5 2 5.59016994374947562e-01
32 5 4 -1.76776695296637032e-01
32 5 5 -2.50000000000000167e-01
33 0 0 1.00000000000000000e+00
34 0 0 -3.33333333333333481e-01
34 0 1 9.42809041582063134e-01
34 1 0 9.42809041582064133e-01
34 1 1 3.33333333333333426e-01
35 0 0 1.00000000000000000e+00
36 0 0 -1.00000000000000000e+00
37 0 0 2.00000000000000011e-01
37 0 1 9.79795897113271197e-01
37 1 0 9.79795897113271197e-01
37 1 1 -2.00000000000000039e-01
38 0 0 4.00000000000000133e-01
38 0 1 -4.47213595499958205e-01
38 0 2 -7.34846922834953675e-01
38 0 3 3.16227766016837997e-01
38 1 0 -4.47213595499958150e-01
38 1 2 -5.47722557505166407e-01
38 1 3 -7.07106781186548017e-01
38 2 0 -7.34846922834953786e-01
38 2 1 -5.47722557505166519e-01
38 2 2 1.00000000000000019e-01
38 2 3 3.87298334620741924e-01
38 3 0 3.16227766016837997e-01
38 3 1 -7.07106781186547795e-01
38 3 2 3.87298334620741813e-01
38 3 3 -5.00000000000000222e-01
39 0 0 1.00000000000000000e+00
40 0 0 6.66666666666666796e-02
40 0 1 1.82574185835055469e-01
40 0 2 3.74165738677394388e-01
40 0 3 2.10818510677892035e-01
40 0 4 8.81917103688197201e-01
40 1 0 1.82574185835055414e-01
40 1 1 -3.12500000000000278e-01
40 1 2 3.84260653723485335e-01
40 1 3 7.93856620135735769e-01
40 1 4 -3.01903682212280144e-01
40 2 0 3.74165738677394277e-01
40 2 1 3.84260653723485279e-01
40 2 2 -7.12500000000000577e-01
40 2 3 4.43705983732471276e-01
40 2 4 8.83883476483185299e-02
40 3 0 2.10818510677891979e-01
40 3 1 7.93856620135735769e-01
40 3 2 4.43705983732471387e-01
40 3 3 -8.33333333333333981e-02
40 3 4 -3.48608344389198299e-01
40 4 0 8.81917103688196757e-01
40 4 1 -3.01903682212279978e-01
40 4 2 8.83883476483184605e-02
40 4 3 -3.48608344389198188e-01
40 4 4 4.16666666666666713e-02
41 0 0 2.00000000000000039e-01
41 0 1 -2.44948974278317855e-01
41 0 2 4.47213595499958150e-01
41 0 3 -8.36660026534075785e-01
41 1 0 -2.44948974278317883e-01
41 1 1 9.25000000000000377e-01
41 1 2 1.36930639376291685e-01
41 1 3 -2.56173769148990038e-01
41 2 0 4.47213595499958094e-01
41 2 1 1.36930639376291630e-01
41 2 2 7.50000000000000555e-01
41 2 3 4.67707173346742944e-01
41 3 0 -8.36660026534075674e-01
41 3 1 -2.56173769148989983e-01
41 3 2 4.67707173346742944e-01
41 3 3 1.25000000000000056e-01
42 0 0 2.50000000000000000e-01
42 0 1 9.68245836551854366e-01
42 1 0 9.68245836551854144e-01
42 1 1 -2.50000000000000056e-01
43 0 0 -1.25000000000000028e-01
43 0 1 3.06186217847897346e-01
43 0 2 2.16506350946109510e-01
43 0 3 -9.18558653543692261e-01
43 1 0 3.06186217847897346e-01
43 1 1 2.50000000000000056e-01
43 1 2 8.83883476483184882e-01
43 1 3 2.50000000000000167e-01
43 2 0 2.16506350946109510e-01
43 2 1 8.83883476483184882e-01
43 2 2 -3.75000000000000111e-01
43 2 3 1.76776695296637087e-01
43 3 0 -9.18558653543692039e-01
43 3 1 2.50000000000000222e-01
43 3 2 1.76776695296637087e-01
43 3 3 2.50000000000000222e-01
44 0 0 1.00000000000000000e+00
45 0 0 -1.00000000000000000e+00
46 0 0 2.50000000000000056e-01
46 0 1 8.83883476483184216e-01
46 0 2 -2.50000000000000222e-01
46 0 3 -3.06186217847897346e-01
46 1 0 8.83883476483183994e-01
46 1 1 -3.74999999999999778e-01
46 1 2 -1.76776695296636893e-01
46 1 3 -2.16506350946109732e-01
46 2 0 -2.50000000000000111e-01
46 2 1 -1.76776695296636865e-01
46 2 2 2.50000000000000389e-01
46 2 3 -9.18558653543692483e-01
46 3 0 -3.06186217847897235e-01
46 3 1 -2.16506350946109677e-01
46 3 2 -9.18558653543692594e-01
46 3 3 -1.25000000000000056e-01
47 0 0 -2.49999999999999944e-01
47 0 1 9.18558653543691483e-01
47 0 2 -2.16506350946109621e-01
47 0 3 -2.16506350946109760e-01
47 1 0 9.18558653543691372e-01
47 1 1 1.24999999999999847e-01
47 1 2 -2.65165042944955465e-01
47 1 3 -2.65165042944955520e-01
47 2 0 -2.16506350946109649e-01
47 2 1 -2.65165042944955409e-01
47 2 2 6.25000000000000416e-02
47 2 3 -9.37500000000000999e-01
47 3 0 -2.16506350946109705e-01
47 3 1 -2.65165042944955465e-01
47 3 2 -9.37500000000001221e-01
47 3 3 6.25000000000000278e-02
48 0 0 5.00000000000000000e-01
48 0 1 8.66025403784438819e-01
48 1 0 8.66025403784438708e-01
48 1 1 -5.00000000000000222e-01
49 0 0 3.57142857142857192e-02
49 0 1 4.78091443733757393e-01
49 0 2 -2.00445931434318159e-01
49 0 3 -9.44911182523068410e-02
49 0 4 -9.44911182523068410e-02
49 0 5 1.33630620956212393e-01
49 0 6 -1.95615199108987899e-02
49 0 7 8.13157112614726119e-01
49 0 8 1.80701580581050264e-01
49 1 0 4.78091443733757504e-01
49 1 1 5.00000000000000097e-02
49 1 2 -1.11803398874989315e-01
49 1 3 2.37170824512628553e-01
49 1 4 2.37170824512628553e-01
49 1 5 -5.59016994374948312e-02
49 1 6 7.85584404849572704e-01
49 1 7 -2.83473354756920357e-02
49 1 8 1.51185789203690857e-01
49 2 0 -2.00445931434318159e-01
49 2 1 -1.11803398874989260e-01
49 2 2 8.74999999999998668e-01
49 2 5 -1.25000000000000194e-01
49 2 6 2.56173769148989705e-01
49 2 7 3.16932845523193341e-01
49 3 0 -9.44911182523068549e-02
49 3 1 2.37170824512628498e-01
49 3 3 -1.25000000000000222e-01
49 3 4 8.75000000000000666e-01
49 3 5 -2.65165042944956020e-01
49 3 6 -1.55264750852029731e-01
49 3 7 4.48210728500398198e-02
49 3 8 -2.39045721866878863e-01
49 4 0 -9.44911182523068272e-02
49 4 1 2.37170824512628498e-01
49 4 3 8.75000000000000333e-01
49 4 4 -1.25000000000000139e-01
49 4 5 -2.65165042944955687e-01
49 4 6 -1.55264750852029731e-01
49 4 7 4.48210728500398059e-02
49 4 8 -2.39045721866878891e-01
49 5 0 1.33630620956212420e-01
49 5 1 -5.59016994374947687e-02
49 5 2 -1.25000000000000111e-01
49 5 3 -2.65165042944955798e-01
49 5 4 -2.65165042944955687e-01
49 5 5 -1.87500000000000638e-01
49 5 6 2.19577516413420326e-01
49 5 7 1.58466422761597059e-01
49 5 8 -8.45154254728517684e-01
49 6 0 -1.95615199108987760e-02
49 6 1 7.85584404849572593e-01
49 6 2 2.56173769148989650e-01
49 6 3 -1.55264750852029731e-01
49 6 4 -1.55264750852029759e-01
49 6 5 2.19577516413420382e-01
49 6 6 1.10714285714285737e-01
49 6 7 -4.45384493374854029e-01
49 6 8 -9.89743318610786932e-02
49 7 0 8.13157112614726230e-01
49 7 1 -2.83473354756920322e-02
49 7 2 3.16932845523193507e-01
49 7 3 4.48210728500398267e-02
49 7 4 4.48210728500398337e-02
49 7 5 1.58466422761597114e-01
49 7 6 -4.45384493374854307e-01
49 7 7 5.17857142857142821e-02
49 7 8 -8.57142857142856734e-02
49 8 0 1.80701580581050292e-01
49 8 1 1.51185789203690774e-01
49 8 3 -2.39045721866878891e-01
49 8 4 -2.39045721866878835e-01
49 8 5 -8.45154254728517573e-01
49 8 6 -9.89743318610787348e-02
49 8 7 -8.57142857142856596e-02
49 8 8 3.14285714285714057e-01
50 0 0 4.99999999999999778e-01
50 0 1 8.66025403784438930e-01
50 1 0 8.66025403784439041e-01
50 1 1 -5.00000000000000333e-01
51 0 0 8.33333333333333565e-02
51 0 1 1.31761569173682508e-01
51 0 2 5.59016994374948006e-01
51 0 3 1.61374306091975728e-01
51 0 4 4.72455591261534205e-02
51 0 5 7.96819072889595748e-01
51 1 0 1.31761569173682508e-01
51 1 1 -2.91666666666666352e-01
51 1 2 1.76776695296636893e-01
51 1 3 8.67527617235708814e-01
51 1 4 -2.24105364250198696e-01
51 1 5 -2.51976315339484724e-01
51 2 0 5.59016994374947784e-01
51 2 1 1.76776695296636865e-01
51 2 2 -2.50000000000000389e-01
51 2 3 2.16506350946109899e-01
51 2 4 7.39509972887452682e-01
51 3 0 1.61374306091975755e-01
51 3 1 8.67527617235708703e-01
51 3 2 2.16506350946109871e-01
51 3 3 6.25000000000000139e-02
51 3 4 -2.74471895516775199e-01
51 3 5 -3.08606699924183880e-01
51 4 0 4.72455591261534413e-02
51 4 1 -2.24105364250198807e-01
51 4 2 7.39509972887453015e-01
51 4 3 -2.74471895516775088e-01
51 4 4 3.48214285714286087e-01
51 4 5 -4.51753951452625702e-01
51 5 0 7.96819072889595637e-01
51 5 1 -2.51976315339484613e-01
51 5 3 -3.08606699924183880e-01
51 5 4 -4.51753951452625702e-01
51 5 5 4.76190476190476303e-02
52 0 0 -8.33333333333332732e-02
52 0 1 1.55902391115580879e-01
52 0 2 5.51198189805123140e-01
52 0 3 1.20761472884911916e-01
52 0 4 -1.67705098312484341e-01
52 0 5 7.88810637746615306e-01
52 1 0 1.55902391115580879e-01
52 1 1 2.08333333333333148e-01
52 1 2 2.94627825494395042e-02
52 1 3 9.35970975333458410e-01
52 1 4 -1.04582503316759404e-01
52 1 5 -2.10818510677891841e-01
52 2 0 5.51198189805123140e-01
52 2 1 2.94627825494394938e-02
52 2 2 1.04166666666666755e-01
52 2 3 2.28217732293821141e-02
52 2 4 8.13460970176198228e-01
52 2 5 1.49071198499986068e-01
52 3 0 1.20761472884911847e-01
52 3 1 9.35970975333458632e-01
52 3 2 2.28217732293823083e-02
52 3 3 -2.74999999999999911e-01
52 3 4 -8.10092587300982048e-02
52 3 5 -1.63299316185545274e-01
52 4 0 -1.67705098312484313e-01
52 4 1 -1.04582503316759196e-01
52 4 2 8.13460970176198561e-01
52 4 3 -8.10092587300982603e-02
52 4 4 1.12500000000000169e-01
52 4 5 -5.29150262212918499e-01
52 5 0 7.88810637746614751e-01
52 5 1 -2.10818510677891841e-01
52 5 2 1.49071198499985985e-01
52 5 3 -1.63299316185545274e-01
52 5 4 -5.29150262212918165e-01
52 5 5 -6.66666666666665964e-02
53 0 0 1.00000000000000000e+00
54 0 1 1.76776695296637060e-01
54 0 2 -1.63663417676994244e-01
54 0 3 2.37170824512628359e-01
54 0 4 8.94427190999915966e-01
54 0 5 -2.92770021884559584e-01
54 1 0 1.76776695296637060e-01
54 1 1 6.25000000000000777e-01
54 1 3 -1.67705098312484369e-01
54 1 4 1.58113883008419026e-01
54 1 5 7.24568837309472746e-01
54 2 0 -1.63663417676994188e-01
54 2 2 3.57142857142857192e-02
54 2 3 9.31588505112178056e-01
54 2 4 -1.46385010942280097e-01
54 2 5 2.87494454249973053e-01
54 3 0 2.37170824512628386e-01
54 3 1 -1.67705098312484313e-01
54 3 2 9.31588505112178389e-01
54 3 3 2.50000000000000118e-02
54 3 4 2.12132034355964422e-01
54 3 5 4.62910049886276487e-02
54 4 0 8.94427190999916299e-01
54 4 1 1.58113883008419276e-01
54 4 2 -1.46385010942280097e-01
54 4 3 2.12132034355964394e-01
54 4 4 -1.99999999999999956e-01
54 4 5 -2.61861468283191012e-01
54 5 0 -2.92770021884559195e-01
54 5 1 7.24568837309472635e-01
54 5 2 2.87494454249973108e-01
54 5 3 4.62910049886276764e-02
54 5 4 -2.61861468283191012e-01
54 5 5 -4.85714285714286154e-01
55 0 0 1.00000000000000000e+00
56 0 0 1.42857142857142849e-01
56 0 1 9.89743318610786904e-01
56 1 0 9.89743318610786904e-01
56 1 1 -1.42857142857142849e-01
57 0 0 -2.00000000000000205e-01
57 0 1 9.79795897113271752e-01
57 1 0 9.79795897113271530e-01
57 1 1 2.00000000000000039e-01
58 0 0 1.00000000000000000e+00
59 0 0 -2.50000000000000111e-01
59 0 1 9.68245836551854366e-01
59 1 0 9.68245836551854255e-01
59 1 1 2.49999999999999944e-01
60 0 0 1.24999999999999986e-01
60 0 1 9.92156741649221741e-01
60 1 0 9.92156741649221519e-01
60 1 1 -1.25000000000000028e-01
61 0 0 1.00000000000000000e+00
62 0 1 1.76776695296637060e-01
62 0 2 -1.63663417676994216e-01
62 0 3 2.37170824512628386e-01
62 0 4 8.94427190999915744e-01
62 0 5 -2.92770021884559473e-01
62 1 0 1.76776695296636949e-01
62 1 1 6.25000000000000999e-01
62 1 3 -1.67705098312484313e-01
62 1 4 1.58113883008418971e-01
62 1 5 7.24568837309472413e-01
62 2 0 -1.63663417676994188e-01
62 2 2 3.57142857142857054e-02
62 2 3 9.31588505112178167e-01
62 2 4 -1.46385010942280014e-01
62 2 5 2.87494454249972997e-01
62 3 0 2.37170824512628470e-01
62 3 1 -1.67705098312484313e-01
62 3 2 9.31588505112178500e-01
62 3 3 2.50000000000000291e-02
62 3 4 2.12132034355964394e-01
62 3 5 4.62910049886276209e-02
62 4 0 8.94427190999915966e-01
62 4 1 1.58113883008418860e-01
62 4 2 -1.46385010942280042e-01
62 4 3 2.12132034355964283e-01
62 4 4 -1.99999999999999845e-01
62 4 5 -2.61861468283190735e-01
62 5 0 -2.92770021884559473e-01
62 5 1 7.24568837309472413e-01
62 5 2 2.87494454249973053e-01
62 5 3 4.62910049886275515e-02
62 5 4 -2.61861468283190901e-01
62 5 5 -4.85714285714285932e-01
63 0 0 1.00000000000000000e+00
64 0 0 -8.33333333333333703e-02
64 0 1 2.28217732293819336e-01
64 0 2 3.34076552390530634e-01
64 0 3 1.66666666666666824e-01
64 0 4 -3.27326835353988821e-01
64 0 5 8.33333333333333703e-01
64 1 0 2.28217732293819309e-01
64 1 1 2.50000000000000111e-01
64 1 3 9.12870929175277457e-01
64 1 5 -2.28217732293819336e-01
64 2 0 3.34076552390530579e-01
64 2 2 1.07142857142857179e-01
64 2 4 8.74817765279707116e-01
64 2 5 3.34076552390530690e-01
64 3 0 1.66666666666666713e-01
64 3 1 9.12870929175277235e-01
64 3 3 -3.33333333333333481e-01
64 3 5 -1.66666666666666685e-01
64 4 0 -3.27326835353988654e-01
64 4 2 8.74817765279707005e-01
64 4 4 1.42857142857143044e-01
64 4 5 -3.27326835353988876e-01
64 5 0 8.33333333333333370e-01
64 5 1 -2.28217732293819253e-01
64 5 2 3.34076552390530579e-01
64 5 3 -1.66666666666666741e-01
64 5 4 -3.27326835353988821e-01
64 5 5 -8.33333333333333426e-02
65 0 0 4.16666666666666435e-02
65 0 1 1.20761472884911999e-01
65 0 2 3.91311896062463305e-01
65 0 3 1.39443337755679242e-01
65 0 4 3.04290309725092668e-02
65 0 5 9.00102874778870965e-01
65 1 0 1.20761472884912124e-01
65 1 1 -1.99999999999999928e-01
65 1 2 1.62018517460196493e-01
65 1 3 9.23760430703401747e-01
65 1 4 -1.76383420737638880e-01
65 1 5 -1.86338998124982752e-01
65 2 0 3.91311896062463416e-01
65 2 1 1.62018517460196548e-01
65 2 2 -2.25000000000000283e-01
65 2 3 1.87082869338697166e-01
65 2 4 8.57321409974113324e-01
65 3 0 1.39443337755679242e-01
65 3 1 9.23760430703401303e-01
65 3 2 1.87082869338696778e-01
65 3 3 6.66666666666667906e-02
65 3 4 -2.03670030886926395e-01
65 3 5 -2.15165741455967785e-01
65 4 0 3.04290309725092148e-02
65 4 1 -1.76383420737639018e-01
65 4 2 8.57321409974112547e-01
65 4 3 -2.03670030886926423e-01
65 4 4 2.88888888888888862e-01
65 4 5 -3.28671099061090488e-01
65 5 0 9.00102874778871076e-01
65 5 1 -1.86338998124982613e-01
65 5 3 -2.15165741455967757e-01
65 5 4 -3.28671099061090377e-01
65 5 5 2.77777777777778144e-02
66 0 0 2.49999999999999944e-01
66 0 1 9.68245836551854255e-01
66 1 0 9.68245836551854255e-01
66 1 1 -2.50000000000000056e-01
67 0 0 1.71874999999999944e-01
67 0 1 -2.28726579597312504e-02
67 0 2 -5.54632479665589026e-02
67 0 3 1.47901994577490453e-01
67 0 4 1.93649167310370962e-01
67 0 5 1.93649167310370962e-01
67 0 6 3.59190558259619930e-01
67 0 7 -7.81250000000000000e-02
67 0 8 -2.06699321176921580e-01
67 0 9 8.31948719498384337e-01
67 1 0 -2.28726579597312574e-02
67 1 1 2.90178571428571716e-02
67 1 2 2.43569644814373515e-01
67 1 3 -2.16506350946109843e-01
67 1 6 9.27884361197613972e-02
67 1 7 -2.28726579597312678e-02
67 1 8 9.07730471767363545e-01
67 1 9 2.43569644814373654e-01
67 2 0 -5.54632479665588679e-02
67 2 1 2.43569644814373570e-01
67 2 2 9.06250000000000389e-02
67 2 3 -7.50000000000001499e-02
67 2 4 2.29128784747792358e-01
67 2 5 2.29128784747792413e-01
67 2 6 -3.25000000000000178e-01
67 2 7 8.31948719498384004e-01
67 2 8 -3.49385621484343059e-02
67 2 9 1.40625000000000222e-01
67 3 0 1.47901994577490536e-01
67 3 1 -2.16506350946109927e-01
67 3 2 -7.50000000000000527e-02
67 3 3 9.00000000000000577e-01
67 3 6 -1.00000000000000228e-01
67 3 7 1.47901994577490509e-01
67 3 8 2.79508497187473837e-01
67 3 9 -7.49999999999999001e-02
67 4 0 1.93649167310370934e-01
67 4 2 2.29128784747792247e-01
67 4 4 -1.00000000000000186e-01
67 4 5 9.00000000000001132e-01
67 4 7 -1.93649167310370962e-01
67 4 9 -2.29128784747792136e-01
67 5 0 1.93649167310371129e-01
67 5 2 2.29128784747792275e-01
67 5 4 9.00000000000001465e-01
67 5 5 -1.00000000000000214e-01
67 5 7 -1.93649167310371018e-01
67 5 9 -2.29128784747792164e-01
67 6 0 3.59190558259619819e-01
67 6 1 9.27884361197614249e-02
67 6 2 -3.25000000000000067e-01
67 6 3 -1.00000000000000255e-01
67 6 6 7.09523809523810445e-01
67 6 7 3.59190558259619819e-01
67 6 8 9.31694990624914732e-02
67 6 9 -3.25000000000000622e-01
67 7 0 -7.81250000000000139e-02
67 7 1 -2.28726579597312574e-02
67 7 2 8.31948719498383671e-01
67 7 3 1.47901994577490564e-01
67 7 4 -1.93649167310370990e-01
67 7 5 -1.93649167310371073e-01
67 7 6 3.59190558259619708e-01
67 7 7 1.71875000000000056e-01
67 7 8 -2.06699321176921219e-01
67 7 9 -5.54632479665589720e-02
67 8 0 -2.06699321176921524e-01
67 8 1 9.07730471767365210e-01
67 8 2 -3.49385621484342643e-02
67 8 3 2.79508497187474114e-01
67 8 6 9.31694990624913899e-02
67 8 7 -2.06699321176921469e-01
67 8 8 3.64583333333333565e-02
67 8 9 -3.49385621484342226e-02
67 9 0 8.31948719498384781e-01
67 9 1 2.43569644814373820e-01
67 9 2 1.40625000000000167e-01
67 9 3 -7.49999999999998168e-02
67 9 4 -2.29128784747792136e-01
67 9 5 -2.29128784747792080e-01
67 9 6 -3.25000000000000566e-01
67 9 7 -5.54632479665589720e-02
67 9 8 -3.49385621484342157e-02
67 9 9 9.06249999999999695e-02
68 0 0 2.50000000000000000e-01
68 0 1 9.68245836551855366e-01
68 1 0 9.68245836551854477e-01
68 1 1 -2.50000000000000056e-01
69 0 0 3.57142857142857401e-02
69 0 1 1.46385010942280014e-01
69 0 2 2.87494454249973219e-01
69 0 3 1.63663417676994383e-01
69 0 5 9.31588505112178944e-01
69 1 0 1.46385010942280069e-01
69 1 1 -2.00000000000000205e-01
69 1 2 2.61861468283191012e-01
69 1 3 8.94427190999916188e-01
69 1 4 -1.58113883008418971e-01
69 1 5 -2.12132034355964422e-01
69 2 0 2.87494454249973275e-01
69 2 1 2.61861468283191068e-01
69 2 2 -4.85714285714285932e-01
69 2 3 2.92770021884560749e-01
69 2 4 7.24568837309472191e-01
69 2 5 4.62910049886276348e-02
69 3 0 1.63663417676994383e-01
69 3 1 8.94427190999916299e-01
69 3 2 2.92770021884560472e-01
69 3 4 -1.76776695296636838e-01
69 3 5 -2.37170824512628747e-01
69 4 1 -1.58113883008419165e-01
69 4 2 7.24568837309472413e-01
69 4 3 -1.76776695296636810e-01
69 4 4 6.25000000000000333e-01
69 4 5 -1.67705098312484452e-01
69 5 0 9.31588505112179277e-01
69 5 1 -2.12132034355964394e-01
69 5 2 4.62910049886276209e-02
69 5 3 -2.37170824512628720e-01
69 5 4 -1.67705098312484396e-01
69 5 5 2.50000000000000083e-02
70 0 0 -5.00000000000000513e-02
70 0 1 1.73205080756887869e-01
70 0 2 2.64575131106459360e-01
70 0 3 1.36930639376291463e-01
70 0 4 -2.62202212042538574e-01
70 0 5 9.00000000000000466e-01
70 1 0 1.73205080756887758e-01
70 1 1 2.00000000000000233e-01
70 1 3 9.48683298050513657e-01
70 1 5 -1.73205080756888036e-01
70 2 0 2.64575131106459249e-01
70 2 2 6.66666666666667213e-02
70 2 4 9.24962461700775673e-01
70 2 5 2.64575131106459249e-01
70 3 0 1.36930639376291213e-01
70 3 1 9.48683298050513435e-01
70 3 3 -2.49999999999999611e-01
70 3 5 -1.36930639376291463e-01
70 4 0 -2.62202212042538241e-01
70 4 2 9.24962461700775451e-01
70 4 4 8.33333333333335091e-02
70 4 5 -2.62202212042537963e-01
70 5 0 8.99999999999999800e-01
70 5 1 -1.73205080756888036e-01
70 5 2 2.64575131106459194e-01
70 5 3 -1.36930639376291546e-01
70 5 4 -2.62202212042537963e-01
70 5 5 -4.99999999999999334e-02
71 0 0 6.66666666666665964e-02
71 0 1 2.03670030886926368e-01
71 0 2 -1.39443337755679353e-01
71 0 3 2.15165741455967813e-01
71 0 4 9.23760430703400415e-01
71 0 5 -1.87082869338697638e-01
71 1 0 2.03670030886926423e-01
71 1 1 2.88888888888889250e-01
71 1 2 3.04290309725091974e-02
71 1 3 -3.28671099061090211e-01
71 1 4 1.76383420737639740e-01
71 1 5 8.57321409974112880e-01
71 2 0 -1.39443337755679492e-01
71 2 1 3.04290309725092252e-02
71 2 2 4.16666666666666990e-02
71 2 3 9.00102874778870410e-01
71 2 4 -1.20761472884911777e-01
71 2 5 3.91311896062463860e-01
71 3 0 2.15165741455968174e-01
71 3 1 -3.28671099061090100e-01
71 3 2 9.00102874778870410e-01
71 3 3 2.77777777777778005e-02
71 3 4 1.86338998124982280e-01
71 4 0 9.23760430703400526e-01
71 4 1 1.76383420737639185e-01
71 4 2 -1.20761472884911847e-01
71 4 3 1.86338998124982280e-01
71 4 4 -1.99999999999999706e-01
71 4 5 -1.62018517460196299e-01
71 5 0 -1.87082869338698277e-01
71 5 1 8.57321409974112769e-01
71 5 2 3.91311896062463638e-01
71 5 4 -1.62018517460196299e-01
71 5 5 -2.24999999999999867e-01
72 0 0 1.00000000000000000e+00
73 0 0 1.25000000000000056e-01
73 0 1 9.92156741649222185e-01
73 1 0 9.92156741649222185e-01
73 1 1 -1.25000000000000000e-01
74 0 0 -2.50000000000000389e-01
74 0 1 9.68245836551855699e-01
74 1 0 9.68245836551856143e-01
74 1 1 2.50000000000000056e-01
75 0 0 1.00000000000000000e+00
76 0 0 1.00000000000000000e+00
77 0 0 -5.00000000000000111e-01
77 0 1 8.66025403784438819e-01
77 1 0 8.66025403784438708e-01
77 1 1 5.00000000000000111e-01
78 0 0 1.42857142857142849e-01
78 0 1 9.89743318610786904e-01
78 1 0 9.89743318610787126e-01
78 1 1 -1.42857142857142877e-01
79 0 0 6.25000000000000416e-02
79 0 1 2.74471895516775144e-01
79 0 2 -1.61374306091975728e-01
79 0 3 3.08606699924183991e-01
79 0 4 8.67527617235709037e-01
79 0 5 -2.16506350946109871e-01
79 1 0 2.74471895516775144e-01
79 1 1 3.48214285714285920e-01
79 1 2 4.72455591261533997e-02
79 1 3 -4.51753951452625868e-01
79 1 4 2.24105364250199030e-01
79 1 5 7.39509972887452571e-01
79 2 0 -1.61374306091975728e-01
79 2 1 4.72455591261533997e-02
79 2 2 8.33333333333333287e-02
79 2 3 7.96819072889595970e-01
79 2 4 -1.31761569173682369e-01
79 2 5 5.59016994374947784e-01
79 3 0 3.08606699924183769e-01
79 3 1 -4.51753951452625591e-01
79 3 2 7.96819072889595414e-01
79 3 3 4.76190476190476025e-02
79 3 4 2.51976315339484780e-01
79 4 0 8.67527617235709148e-01
79 4 1 2.24105364250199168e-01
79 4 2 -1.31761569173682397e-01
79 4 3 2.51976315339484891e-01
79 4 4 -2.91666666666666852e-01
79 4 5 -1.76776695296637032e-01
79 5 0 -2.16506350946109649e-01
79 5 1 7.39509972887452460e-01
79 5 2 5.59016994374947673e-01
79 5 4 -1.76776695296637004e-01
79 5 5 -2.50000000000000222e-01
80 0 0 1.00000000000000000e+00
81 0 0 -1.25000000000000000e-01
81 0 1 3.06186217847897346e-01
81 0 2 2.16506350946109538e-01
81 0 3 -9.18558653543692261e-01
81 1 0 3.06186217847897346e-01
81 1 1 2.50000000000000167e-01
81 1 2 8.83883476483184771e-01
81 1 3 2.50000000000000000e-01
81 2 0 2.16506350946109594e-01
81 2 1 8.83883476483185104e-01
81 2 2 -3.75000000000000111e-01
81 2 3 1.76776695296637087e-01
81 3 0 -9.18558653543692261e-01
81 3 1 2.50000000000000111e-01
81 3 2 1.76776695296637060e-01
81 3 3 2.50000000000000222e-01
82 0 0 3.57142857142857401e-02
82 0 1 1.46385010942279903e-01
82 0 2 2.87494454249973164e-01
82 0 3 1.63663417676994327e-01
82 0 5 9.31588505112178056e-01
82 1 0 1.46385010942280014e-01
82 1 1 -2.00000000000000178e-01
82 1 2 2.61861468283191012e-01
82 1 3 8.94427190999915855e-01
82 1 4 -1.58113883008419082e-01
82 1 5 -2.12132034355964283e-01
82 2 0 2.87494454249973219e-01
82 2 1 2.61861468283191123e-01
82 2 2 -4.85714285714285932e-01
82 2 3 2.92770021884560583e-01
82 2 4 7.24568837309472413e-01
82 2 5 4.62910049886275307e-02
82 3 0 1.63663417676994410e-01
82 3 1 8.94427190999915966e-01
82 3 2 2.92770021884560361e-01
82 3 4 -1.76776695296636893e-01
82 3 5 -2.37170824512628581e-01
82 4 1 -1.58113883008419331e-01
82 4 2 7.24568837309472302e-01
82 4 3 -1.76776695296636838e-01
82 4 4 6.25000000000000555e-01
82 4 5 -1.67705098312484258e-01
82 5 0 9.31588505112179166e-01
82 5 1 -2.12132034355964449e-01
82 5 2 4.62910049886275793e-02
82 5 3 -2.37170824512628720e-01
82 5 4 -1.67705098312484369e-01
82 5 5 2.50000000000000326e-02
83 0 0 1.10714285714285793e-01
83 0 1 -1.95615199108988037e-02
83 0 2 -9.89743318610787765e-02
83 0 3 2.56173769148990094e-01
83 0 4 1.55264750852029787e-01
83 0 5 1.55264750852029842e-01
83 0 6 2.19577516413420160e-01
83 0 7 -4.45384493374853863e-01
83 0 8 7.85584404849572593e-01
83 1 0 -1.95615199108988003e-02
83 1 1 3.57142857142857262e-02
83 1 2 1.80701580581050320e-01
83 1 3 -2.00445931434318353e-01
83 1 4 9.44911182523068827e-02
83 1 5 9.44911182523069382e-02
83 1 6 1.33630620956212309e-01
83 1 7 8.13157112614726674e-01
83 1 8 4.78091443733757504e-01
83 2 0 -9.89743318610787071e-02
83 2 1 1.80701580581050236e-01
83 2 2 3.14285714285714279e-01
83 2 4 2.39045721866878613e-01
83 2 5 2.39045721866878558e-01
83 2 6 -8.45154254728516796e-01
83 2 7 -8.57142857142856596e-02
83 2 8 1.51185789203690940e-01
83 3 0 2.56173769148990260e-01
83 3 1 -2.00445931434318381e-01
83 3 3 8.75000000000000555e-01
83 3 6 -1.25000000000000028e-01
83 3 7 3.16932845523193785e-01
83 3 8 -1.11803398874989607e-01
83 4 0 1.55264750852029898e-01
83 4 1 9.44911182523068827e-02
83 4 2 2.39045721866878835e-01
83 4 4 -1.25000000000000111e-01
83 4 5 8.75000000000000999e-01
83 4 6 2.65165042944955631e-01
83 4 7 -4.48210728500398337e-02
83 4 8 -2.37170824512628609e-01
83 5 0 1.55264750852029870e-01
83 5 1 9.44911182523069243e-02
83 5 2 2.39045721866878724e-01
83 5 4 8.75000000000000888e-01
83 5 5 -1.25000000000000028e-01
83 5 6 2.65165042944955465e-01
83 5 7 -4.48210728500398337e-02
83 5 8 -2.37170824512628553e-01
83 6 0 2.19577516413420215e-01
83 6 1 1.33630620956212282e-01
83 6 2 -8.45154254728517462e-01
83 6 3 -1.25000000000000056e-01
83 6 4 2.65165042944955576e-01
83 6 5 2.65165042944955465e-01
83 6 6 -1.87500000000000333e-01
83 6 7 1.58466422761596976e-01
83 6 8 -5.59016994374947826e-02
83 7 0 -4.45384493374854418e-01
83 7 1 8.13157112614726896e-01
83 7 2 -8.57142857142857290e-02
83 7 3 3.16932845523193951e-01
83 7 4 -4.48210728500398406e-02
83 7 5 -4.48210728500398267e-02
83 7 6 1.58466422761597059e-01
83 7 7 5.17857142857143168e-02
83 7 8 -2.83473354756920530e-02
83 8 0 7.85584404849572593e-01
83 8 1 4.78091443733757893e-01
83 8 2 1.51185789203690857e-01
83 8 3 -1.11803398874989565e-01
83 8 4 -2.37170824512628609e-01
83 8 5 -2.37170824512628636e-01
83 8 6 -5.59016994374946785e-02
83 8 7 -2.83473354756920530e-02
83 8 8 5.00000000000000097e-02
84 0 0 2.00000000000000122e-01
84 0 1 9.79795897113271086e-01
84 1 0 9.79795897113271530e-01
84 1 1 -2.00000000000000067e-01
85 0 0 -6.66666666666666935e-02
85 0 1 2.10818510677891924e-01
85 0 2 1.49071198499985957e-01
85 0 3 1.63299316185544524e-01
85 0 4 -5.29150262212917943e-01
85 0 5 7.88810637746615084e-01
85 1 0 2.10818510677892229e-01
85 1 1 2.08333333333333454e-01
85 1 2 -2.94627825494395250e-02
85 1 3 9.35970975333458299e-01
85 1 4 1.04582503316759459e-01
85 1 5 -1.55902391115580741e-01
85 2 0 1.49071198499986124e-01
85 2 1 -2.94627825494395007e-02
85 2 2 1.04166666666666796e-01
85 2 3 -2.28217732293817255e-02
85 2 4 8.13460970176198006e-01
85 2 5 5.51198189805123140e-01
85 3 0 1.63299316185545024e-01
85 3 1 9.35970975333458854e-01
85 3 2 -2.28217732293818920e-02
85 3 3 -2.74999999999999578e-01
85 3 4 8.10092587300983019e-02
85 3 5 -1.20761472884911972e-01
85 4 0 -5.29150262212918610e-01
85 4 1 1.04582503316759279e-01
85 4 2 8.13460970176197895e-01
85 4 3 8.10092587300983158e-02
85 4 4 1.12500000000000072e-01
85 4 5 -1.67705098312484230e-01
85 5 0 7.88810637746615639e-01
85 5 1 -1.55902391115581018e-01
85 5 2 5.51198189805123362e-01
85 5 3 -1.20761472884911986e-01
85 5 4 -1.67705098312484341e-01
85 5 5 -8.33333333333333426e-02
86 0 0 1.25000000000000111e-01
86 0 1 2.65165042944955465e-01
86 0 2 2.65165042944955354e-01
86 0 3 9.18558653543691817e-01
86 1 0 2.65165042944955354e-01
86 1 1 6.25000000000000000e-02
86 1 2 -9.37500000000000000e-01
86 1 3 2.16506350946109843e-01
86 2 0 2.65165042944955409e-01
86 2 1 -9.37500000000000666e-01
86 2 2 6.25000000000000278e-02
86 2 3 2.16506350946109760e-01
86 3 0 9.18558653543692483e-01
86 3 1 2.16506350946109621e-01
86 3 2 2.16506350946109788e-01
86 3 3 -2.50000000000000167e-01
87 0 0 1.00000000000000000e+00
88 0 0 -4.99999999999999889e-01
88 0 1 8.66025403784438819e-01
88 1 0 8.66025403784438819e-01
88 1 1 5.00000000000000111e-01
END_VALUES
END_TABLE
