SU3_ADJOINT_SWAP_TABLE_V1
# Eq8 convention: B(g1,g2)[in] = sum_out W[out,in] B(g2,g1)[out]
# Irrep convention: SU(3) Dynkin labels p q; adjoint=(1,1)
# Vertex convention: isometric real CG maps; multiplicities are zero-based
# Self vertex mult=0: normalized action v tensor X -> rho(X)v (except 8x8)
# 8x8->8: mult=0 Jordan/symmetric, mult=1 Lie-bracket/antisymmetric
NC 3
ADJOINT_PQ 1 1
MAX_PREFIX_GLUONS 4
NBLOCKS 162
NPATHS 523
NVALUES 2431
BEGIN_BLOCKS
# block left_p left_q right_p right_q size
0 0 0 0 0 1
1 0 0 0 3 1
2 0 0 1 1 2
3 0 0 2 2 1
4 0 0 3 0 1
5 1 1 0 0 2
6 1 1 0 3 4
7 1 1 1 1 8
8 1 1 1 4 2
9 1 1 2 2 6
10 1 1 3 0 4
11 1 1 3 3 1
12 1 1 4 1 2
13 0 3 0 0 1
14 0 3 0 3 4
15 0 3 0 6 1
16 0 3 1 1 4
17 0 3 1 4 4
18 0 3 2 2 5
19 0 3 2 5 1
20 0 3 3 0 2
21 0 3 3 3 2
22 0 3 4 1 1
23 2 2 0 0 1
24 2 2 0 3 5
25 2 2 0 6 1
26 2 2 1 1 6
27 2 2 1 4 6
28 2 2 2 2 10
29 2 2 2 5 2
30 2 2 3 0 5
31 2 2 3 3 6
32 2 2 4 1 6
33 2 2 4 4 1
34 2 2 5 2 2
35 2 2 6 0 1
36 3 0 0 0 1
37 3 0 0 3 2
38 3 0 1 1 4
39 3 0 1 4 1
40 3 0 2 2 5
41 3 0 3 0 4
42 3 0 3 3 2
43 3 0 4 1 4
44 3 0 5 2 1
45 3 0 6 0 1
46 1 4 0 3 4
47 1 4 0 6 4
48 1 4 1 1 2
49 1 4 1 4 9
50 1 4 1 7 2
51 1 4 2 2 6
52 1 4 2 5 6
53 1 4 3 0 1
54 1 4 3 3 6
55 1 4 3 6 1
56 1 4 4 1 2
57 1 4 4 4 2
58 1 4 5 2 1
59 3 3 0 3 2
60 3 3 0 6 2
61 3 3 1 1 1
62 3 3 1 4 6
63 3 3 1 7 1
64 3 3 2 2 6
65 3 3 2 5 6
66 3 3 3 0 2
67 3 3 3 3 10
68 3 3 3 6 2
69 3 3 4 1 6
70 3 3 4 4 6
71 3 3 5 2 6
72 3 3 5 5 1
73 3 3 6 0 2
74 3 3 6 3 2
75 3 3 7 1 1
76 4 1 0 3 1
77 4 1 1 1 2
78 4 1 1 4 2
79 4 1 2 2 6
80 4 1 2 5 1
81 4 1 3 0 4
82 4 1 3 3 6
83 4 1 4 1 9
84 4 1 4 4 2
85 4 1 5 2 6
86 4 1 6 0 4
87 4 1 6 3 1
88 4 1 7 1 2
89 0 6 0 3 1
90 0 6 0 6 4
91 0 6 0 9 1
92 0 6 1 4 4
93 0 6 1 7 4
94 0 6 2 2 1
95 0 6 2 5 5
96 0 6 2 8 1
97 0 6 3 3 2
98 0 6 3 6 2
99 0 6 4 4 1
100 2 5 0 3 1
101 2 5 0 6 5
102 2 5 0 9 1
103 2 5 1 4 6
104 2 5 1 7 6
105 2 5 2 2 2
106 2 5 2 5 10
107 2 5 2 8 2
108 2 5 3 3 6
109 2 5 3 6 6
110 2 5 4 1 1
111 2 5 4 4 6
112 2 5 4 7 1
113 2 5 5 2 2
114 2 5 5 5 2
115 2 5 6 3 1
116 4 4 0 6 1
117 4 4 1 4 2
118 4 4 1 7 2
119 4 4 2 2 1
120 4 4 2 5 6
121 4 4 2 8 1
122 4 4 3 3 6
123 4 4 3 6 6
124 4 4 4 1 2
125 4 4 4 4 10
126 4 4 4 7 2
127 4 4 5 2 6
128 4 4 5 5 6
129 4 4 6 0 1
130 4 4 6 3 6
131 4 4 6 6 1
132 4 4 7 1 2
133 4 4 7 4 2
134 4 4 8 2 1
135 5 2 1 4 1
136 5 2 2 2 2
137 5 2 2 5 2
138 5 2 3 0 1
139 5 2 3 3 6
140 5 2 3 6 1
141 5 2 4 1 6
142 5 2 4 4 6
143 5 2 5 2 10
144 5 2 5 5 2
145 5 2 6 0 5
146 5 2 6 3 6
147 5 2 7 1 6
148 5 2 7 4 1
149 5 2 8 2 2
150 5 2 9 0 1
151 6 0 2 2 1
152 6 0 3 0 1
153 6 0 3 3 2
154 6 0 4 1 4
155 6 0 4 4 1
156 6 0 5 2 5
157 6 0 6 0 4
158 6 0 6 3 2
159 6 0 7 1 4
160 6 0 8 2 1
161 6 0 9 0 1
END_BLOCKS
BEGIN_PATHS
# block path middle_p middle_q left_mult right_mult left_parity right_parity
0 0 1 1 0 0 0 1
1 0 1 1 0 0 0 -1
2 0 1 1 0 0 0 1
2 1 1 1 0 1 0 -1
3 0 1 1 0 0 0 1
4 0 1 1 0 0 0 -1
5 0 1 1 0 0 1 1
5 1 1 1 1 0 -1 1
6 0 0 3 0 0 -1 0
6 1 1 1 0 0 1 -1
6 2 1 1 1 0 -1 -1
6 3 2 2 0 0 1 0
7 0 0 0 0 0 1 0
7 1 0 3 0 0 -1 0
7 2 1 1 0 0 1 1
7 3 1 1 0 1 1 -1
7 4 1 1 1 0 -1 1
7 5 1 1 1 1 -1 -1
7 6 2 2 0 0 1 0
7 7 3 0 0 0 -1 0
8 0 0 3 0 0 -1 0
8 1 2 2 0 0 1 0
9 0 0 3 0 0 -1 0
9 1 1 1 0 0 1 1
9 2 1 1 1 0 -1 1
9 3 2 2 0 0 1 0
9 4 2 2 0 1 1 0
9 5 3 0 0 0 -1 0
10 0 1 1 0 0 1 -1
10 1 1 1 1 0 -1 -1
10 2 2 2 0 0 1 0
10 3 3 0 0 0 -1 0
11 0 2 2 0 0 1 0
12 0 2 2 0 0 1 0
12 1 3 0 0 0 -1 0
13 0 1 1 0 0 0 1
14 0 0 3 0 0 0 0
14 1 1 1 0 0 0 -1
14 2 1 4 0 0 0 0
14 3 2 2 0 0 0 0
15 0 1 4 0 0 0 0
16 0 0 3 0 0 0 0
16 1 1 1 0 0 0 1
16 2 1 1 0 1 0 -1
16 3 2 2 0 0 0 0
17 0 0 3 0 0 0 0
17 1 1 4 0 0 0 0
17 2 1 4 0 1 0 0
17 3 2 2 0 0 0 0
18 0 0 3 0 0 0 0
18 1 1 1 0 0 0 1
18 2 1 4 0 0 0 0
18 3 2 2 0 0 0 0
18 4 2 2 0 1 0 0
19 0 1 4 0 0 0 0
20 0 1 1 0 0 0 -1
20 1 2 2 0 0 0 0
21 0 1 4 0 0 0 0
21 1 2 2 0 0 0 0
22 0 2 2 0 0 0 0
23 0 1 1 0 0 0 1
24 0 0 3 0 0 0 0
24 1 1 1 0 0 0 -1
24 2 1 4 0 0 0 0
24 3 2 2 0 0 0 0
24 4 2 2 1 0 0 0
25 0 1 4 0 0 0 0
26 0 0 3 0 0 0 0
26 1 1 1 0 0 0 1
26 2 1 1 0 1 0 -1
26 3 2 2 0 0 0 0
26 4 2 2 1 0 0 0
26 5 3 0 0 0 0 0
27 0 0 3 0 0 0 0
27 1 1 4 0 0 0 0
27 2 1 4 0 1 0 0
27 3 2 2 0 0 0 0
27 4 2 2 1 0 0 0
27 5 3 3 0 0 0 0
28 0 0 3 0 0 0 0
28 1 1 1 0 0 0 1
28 2 1 4 0 0 0 0
28 3 2 2 0 0 0 0
28 4 2 2 0 1 0 0
28 5 2 2 1 0 0 0
28 6 2 2 1 1 0 0
28 7 3 0 0 0 0 0
28 8 3 3 0 0 0 0
28 9 4 1 0 0 0 0
29 0 1 4 0 0 0 0
29 1 3 3 0 0 0 0
30 0 1 1 0 0 0 -1
30 1 2 2 0 0 0 0
30 2 2 2 1 0 0 0
30 3 3 0 0 0 0 0
30 4 4 1 0 0 0 0
31 0 1 4 0 0 0 0
31 1 2 2 0 0 0 0
31 2 2 2 1 0 0 0
31 3 3 3 0 0 0 0
31 4 3 3 0 1 0 0
31 5 4 1 0 0 0 0
32 0 2 2 0 0 0 0
32 1 2 2 1 0 0 0
32 2 3 0 0 0 0 0
32 3 3 3 0 0 0 0
32 4 4 1 0 0 0 0
32 5 4 1 0 1 0 0
33 0 3 3 0 0 0 0
34 0 3 3 0 0 0 0
34 1 4 1 0 0 0 0
35 0 4 1 0 0 0 0
36 0 1 1 0 0 0 1
37 0 1 1 0 0 0 -1
37 1 2 2 0 0 0 0
38 0 1 1 0 0 0 1
38 1 1 1 0 1 0 -1
38 2 2 2 0 0 0 0
38 3 3 0 0 0 0 0
39 0 2 2 0 0 0 0
40 0 1 1 0 0 0 1
40 1 2 2 0 0 0 0
40 2 2 2 0 1 0 0
40 3 3 0 0 0 0 0
40 4 4 1 0 0 0 0
41 0 1 1 0 0 0 -1
41 1 2 2 0 0 0 0
41 2 3 0 0 0 0 0
41 3 4 1 0 0 0 0
42 0 2 2 0 0 0 0
42 1 4 1 0 0 0 0
43 0 2 2 0 0 0 0
43 1 3 0 0 0 0 0
43 2 4 1 0 0 0 0
43 3 4 1 0 1 0 0
44 0 4 1 0 0 0 0
45 0 4 1 0 0 0 0
46 0 0 3 0 0 0 0
46 1 1 4 0 0 0 0
46 2 1 4 1 0 0 0
46 3 2 2 0 0 0 0
47 0 0 6 0 0 0 0
47 1 1 4 0 0 0 0
47 2 1 4 1 0 0 0
47 3 2 5 0 0 0 0
48 0 0 3 0 0 0 0
48 1 2 2 0 0 0 0
49 0 0 3 0 0 0 0
49 1 0 6 0 0 0 0
49 2 1 4 0 0 0 0
49 3 1 4 0 1 0 0
49 4 1 4 1 0 0 0
49 5 1 4 1 1 0 0
49 6 2 2 0 0 0 0
49 7 2 5 0 0 0 0
49 8 3 3 0 0 0 0
50 0 0 6 0 0 0 0
50 1 2 5 0 0 0 0
51 0 0 3 0 0 0 0
51 1 1 4 0 0 0 0
51 2 1 4 1 0 0 0
51 3 2 2 0 0 0 0
51 4 2 2 0 1 0 0
51 5 3 3 0 0 0 0
52 0 0 6 0 0 0 0
52 1 1 4 0 0 0 0
52 2 1 4 1 0 0 0
52 3 2 5 0 0 0 0
52 4 2 5 0 1 0 0
52 5 3 3 0 0 0 0
53 0 2 2 0 0 0 0
54 0 1 4 0 0 0 0
54 1 1 4 1 0 0 0
54 2 2 2 0 0 0 0
54 3 2 5 0 0 0 0
54 4 3 3 0 0 0 0
54 5 3 3 0 1 0 0
55 0 2 5 0 0 0 0
56 0 2 2 0 0 0 0
56 1 3 3 0 0 0 0
57 0 2 5 0 0 0 0
57 1 3 3 0 0 0 0
58 0 3 3 0 0 0 0
59 0 1 4 0 0 0 0
59 1 2 2 0 0 0 0
60 0 1 4 0 0 0 0
60 1 2 5 0 0 0 0
61 0 2 2 0 0 0 0
62 0 1 4 0 0 0 0
62 1 1 4 0 1 0 0
62 2 2 2 0 0 0 0
62 3 2 5 0 0 0 0
62 4 3 3 0 0 0 0
62 5 3 3 1 0 0 0
63 0 2 5 0 0 0 0
64 0 1 4 0 0 0 0
64 1 2 2 0 0 0 0
64 2 2 2 0 1 0 0
64 3 3 3 0 0 0 0
64 4 3 3 1 0 0 0
64 5 4 1 0 0 0 0
65 0 1 4 0 0 0 0
65 1 2 5 0 0 0 0
65 2 2 5 0 1 0 0
65 3 3 3 0 0 0 0
65 4 3 3 1 0 0 0
65 5 4 4 0 0 0 0
66 0 2 2 0 0 0 0
66 1 4 1 0 0 0 0
67 0 1 4 0 0 0 0
67 1 2 2 0 0 0 0
67 2 2 5 0 0 0 0
67 3 3 3 0 0 0 0
67 4 3 3 0 1 0 0
67 5 3 3 1 0 0 0
67 6 3 3 1 1 0 0
67 7 4 1 0 0 0 0
67 8 4 4 0 0 0 0
67 9 5 2 0 0 0 0
68 0 2 5 0 0 0 0
68 1 4 4 0 0 0 0
69 0 2 2 0 0 0 0
69 1 3 3 0 0 0 0
69 2 3 3 1 0 0 0
69 3 4 1 0 0 0 0
69 4 4 1 0 1 0 0
69 5 5 2 0 0 0 0
70 0 2 5 0 0 0 0
70 1 3 3 0 0 0 0
70 2 3 3 1 0 0 0
70 3 4 4 0 0 0 0
70 4 4 4 0 1 0 0
70 5 5 2 0 0 0 0
71 0 3 3 0 0 0 0
71 1 3 3 1 0 0 0
71 2 4 1 0 0 0 0
71 3 4 4 0 0 0 0
71 4 5 2 0 0 0 0
71 5 5 2 0 1 0 0
72 0 4 4 0 0 0 0
73 0 4 1 0 0 0 0
73 1 5 2 0 0 0 0
74 0 4 4 0 0 0 0
74 1 5 2 0 0 0 0
75 0 5 2 0 0 0 0
76 0 2 2 0 0 0 0
77 0 2 2 0 0 0 0
77 1 3 0 0 0 0 0
78 0 2 2 0 0 0 0
78 1 3 3 0 0 0 0
79 0 2 2 0 0 0 0
79 1 2 2 0 1 0 0
79 2 3 0 0 0 0 0
79 3 3 3 0 0 0 0
79 4 4 1 0 0 0 0
79 5 4 1 1 0 0 0
80 0 3 3 0 0 0 0
81 0 2 2 0 0 0 0
81 1 3 0 0 0 0 0
81 2 4 1 0 0 0 0
81 3 4 1 1 0 0 0
82 0 2 2 0 0 0 0
82 1 3 3 0 0 0 0
82 2 3 3 0 1 0 0
82 3 4 1 0 0 0 0
82 4 4 1 1 0 0 0
82 5 5 2 0 0 0 0
83 0 2 2 0 0 0 0
83 1 3 0 0 0 0 0
83 2 3 3 0 0 0 0
83 3 4 1 0 0 0 0
83 4 4 1 0 1 0 0
83 5 4 1 1 0 0 0
83 6 4 1 1 1 0 0
83 7 5 2 0 0 0 0
83 8 6 0 0 0 0 0
84 0 3 3 0 0 0 0
84 1 5 2 0 0 0 0
85 0 3 3 0 0 0 0
85 1 4 1 0 0 0 0
85 2 4 1 1 0 0 0
85 3 5 2 0 0 0 0
85 4 5 2 0 1 0 0
85 5 6 0 0 0 0 0
86 0 4 1 0 0 0 0
86 1 4 1 1 0 0 0
86 2 5 2 0 0 0 0
86 3 6 0 0 0 0 0
87 0 5 2 0 0 0 0
88 0 5 2 0 0 0 0
88 1 6 0 0 0 0 0
89 0 1 4 0 0 0 0
90 0 0 6 0 0 0 0
90 1 1 4 0 0 0 0
90 2 1 7 0 0 0 0
90 3 2 5 0 0 0 0
91 0 1 7 0 0 0 0
92 0 0 6 0 0 0 0
92 1 1 4 0 0 0 0
92 2 1 4 0 1 0 0
92 3 2 5 0 0 0 0
93 0 0 6 0 0 0 0
93 1 1 7 0 0 0 0
93 2 1 7 0 1 0 0
93 3 2 5 0 0 0 0
94 0 1 4 0 0 0 0
95 0 0 6 0 0 0 0
95 1 1 4 0 0 0 0
95 2 1 7 0 0 0 0
95 3 2 5 0 0 0 0
95 4 2 5 0 1 0 0
96 0 1 7 0 0 0 0
97 0 1 4 0 0 0 0
97 1 2 5 0 0 0 0
98 0 1 7 0 0 0 0
98 1 2 5 0 0 0 0
99 0 2 5 0 0 0 0
100 0 1 4 0 0 0 0
101 0 0 6 0 0 0 0
101 1 1 4 0 0 0 0
101 2 1 7 0 0 0 0
101 3 2 5 0 0 0 0
101 4 2 5 1 0 0 0
102 0 1 7 0 0 0 0
103 0 0 6 0 0 0 0
103 1 1 4 0 0 0 0
103 2 1 4 0 1 0 0
103 3 2 5 0 0 0 0
103 4 2 5 1 0 0 0
103 5 3 3 0 0 0 0
104 0 0 6 0 0 0 0
104 1 1 7 0 0 0 0
104 2 1 7 0 1 0 0
104 3 2 5 0 0 0 0
104 4 2 5 1 0 0 0
104 5 3 6 0 0 0 0
105 0 1 4 0 0 0 0
105 1 3 3 0 0 0 0
106 0 0 6 0 0 0 0
106 1 1 4 0 0 0 0
106 2 1 7 0 0 0 0
106 3 2 5 0 0 0 0
106 4 2 5 0 1 0 0
106 5 2 5 1 0 0 0
106 6 2 5 1 1 0 0
106 7 3 3 0 0 0 0
106 8 3 6 0 0 0 0
106 9 4 4 0 0 0 0
107 0 1 7 0 0 0 0
107 1 3 6 0 0 0 0
108 0 1 4 0 0 0 0
108 1 2 5 0 0 0 0
108 2 2 5 1 0 0 0
108 3 3 3 0 0 0 0
108 4 3 3 0 1 0 0
108 5 4 4 0 0 0 0
109 0 1 7 0 0 0 0
109 1 2 5 0 0 0 0
109 2 2 5 1 0 0 0
109 3 3 6 0 0 0 0
109 4 3 6 0 1 0 0
109 5 4 4 0 0 0 0
110 0 3 3 0 0 0 0
111 0 2 5 0 0 0 0
111 1 2 5 1 0 0 0
111 2 3 3 0 0 0 0
111 3 3 6 0 0 0 0
111 4 4 4 0 0 0 0
111 5 4 4 0 1 0 0
112 0 3 6 0 0 0 0
113 0 3 3 0 0 0 0
113 1 4 4 0 0 0 0
114 0 3 6 0 0 0 0
114 1 4 4 0 0 0 0
115 0 4 4 0 0 0 0
116 0 2 5 0 0 0 0
117 0 2 5 0 0 0 0
117 1 3 3 0 0 0 0
118 0 2 5 0 0 0 0
118 1 3 6 0 0 0 0
119 0 3 3 0 0 0 0
120 0 2 5 0 0 0 0
120 1 2 5 0 1 0 0
120 2 3 3 0 0 0 0
120 3 3 6 0 0 0 0
120 4 4 4 0 0 0 0
120 5 4 4 1 0 0 0
121 0 3 6 0 0 0 0
122 0 2 5 0 0 0 0
122 1 3 3 0 0 0 0
122 2 3 3 0 1 0 0
122 3 4 4 0 0 0 0
122 4 4 4 1 0 0 0
122 5 5 2 0 0 0 0
123 0 2 5 0 0 0 0
123 1 3 6 0 0 0 0
123 2 3 6 0 1 0 0
123 3 4 4 0 0 0 0
123 4 4 4 1 0 0 0
123 5 5 5 0 0 0 0
124 0 3 3 0 0 0 0
124 1 5 2 0 0 0 0
125 0 2 5 0 0 0 0
125 1 3 3 0 0 0 0
125 2 3 6 0 0 0 0
125 3 4 4 0 0 0 0
125 4 4 4 0 1 0 0
125 5 4 4 1 0 0 0
125 6 4 4 1 1 0 0
125 7 5 2 0 0 0 0
125 8 5 5 0 0 0 0
125 9 6 3 0 0 0 0
126 0 3 6 0 0 0 0
126 1 5 5 0 0 0 0
127 0 3 3 0 0 0 0
127 1 4 4 0 0 0 0
127 2 4 4 1 0 0 0
127 3 5 2 0 0 0 0
127 4 5 2 0 1 0 0
127 5 6 3 0 0 0 0
128 0 3 6 0 0 0 0
128 1 4 4 0 0 0 0
128 2 4 4 1 0 0 0
128 3 5 5 0 0 0 0
128 4 5 5 0 1 0 0
128 5 6 3 0 0 0 0
129 0 5 2 0 0 0 0
130 0 4 4 0 0 0 0
130 1 4 4 1 0 0 0
130 2 5 2 0 0 0 0
130 3 5 5 0 0 0 0
130 4 6 3 0 0 0 0
130 5 6 3 0 1 0 0
131 0 5 5 0 0 0 0
132 0 5 2 0 0 0 0
132 1 6 3 0 0 0 0
133 0 5 5 0 0 0 0
133 1 6 3 0 0 0 0
134 0 6 3 0 0 0 0
135 0 3 3 0 0 0 0
136 0 3 3 0 0 0 0
136 1 4 1 0 0 0 0
137 0 3 3 0 0 0 0
137 1 4 4 0 0 0 0
138 0 4 1 0 0 0 0
139 0 3 3 0 0 0 0
139 1 3 3 0 1 0 0
139 2 4 1 0 0 0 0
139 3 4 4 0 0 0 0
139 4 5 2 0 0 0 0
139 5 5 2 1 0 0 0
140 0 4 4 0 0 0 0
141 0 3 3 0 0 0 0
141 1 4 1 0 0 0 0
141 2 4 1 0 1 0 0
141 3 5 2 0 0 0 0
141 4 5 2 1 0 0 0
141 5 6 0 0 0 0 0
142 0 3 3 0 0 0 0
142 1 4 4 0 0 0 0
142 2 4 4 0 1 0 0
142 3 5 2 0 0 0 0
142 4 5 2 1 0 0 0
142 5 6 3 0 0 0 0
143 0 3 3 0 0 0 0
143 1 4 1 0 0 0 0
143 2 4 4 0 0 0 0
143 3 5 2 0 0 0 0
143 4 5 2 0 1 0 0
143 5 5 2 1 0 0 0
143 6 5 2 1 1 0 0
143 7 6 0 0 0 0 0
143 8 6 3 0 0 0 0
143 9 7 1 0 0 0 0
144 0 4 4 0 0 0 0
144 1 6 3 0 0 0 0
145 0 4 1 0 0 0 0
145 1 5 2 0 0 0 0
145 2 5 2 1 0 0 0
145 3 6 0 0 0 0 0
145 4 7 1 0 0 0 0
146 0 4 4 0 0 0 0
146 1 5 2 0 0 0 0
146 2 5 2 1 0 0 0
146 3 6 3 0 0 0 0
146 4 6 3 0 1 0 0
146 5 7 1 0 0 0 0
147 0 5 2 0 0 0 0
147 1 5 2 1 0 0 0
147 2 6 0 0 0 0 0
147 3 6 3 0 0 0 0
147 4 7 1 0 0 0 0
147 5 7 1 0 1 0 0
148 0 6 3 0 0 0 0
149 0 6 3 0 0 0 0
149 1 7 1 0 0 0 0
150 0 7 1 0 0 0 0
151 0 4 1 0 0 0 0
152 0 4 1 0 0 0 0
153 0 4 1 0 0 0 0
153 1 5 2 0 0 0 0
154 0 4 1 0 0 0 0
154 1 4 1 0 1 0 0
154 2 5 2 0 0 0 0
154 3 6 0 0 0 0 0
155 0 5 2 0 0 0 0
156 0 4 1 0 0 0 0
156 1 5 2 0 0 0 0
156 2 5 2 0 1 0 0
156 3 6 0 0 0 0 0
156 4 7 1 0 0 0 0
157 0 4 1 0 0 0 0
157 1 5 2 0 0 0 0
157 2 6 0 0 0 0 0
157 3 7 1 0 0 0 0
158 0 5 2 0 0 0 0
158 1 7 1 0 0 0 0
159 0 5 2 0 0 0 0
159 1 6 0 0 0 0 0
159 2 7 1 0 0 0 0
159 3 7 1 0 1 0 0
160 0 7 1 0 0 0 0
161 0 7 1 0 0 0 0
END_PATHS
BEGIN_VALUES
# block out_path in_path coefficient
0 0 0 1.00000000000000000e+00
1 0 0 -1.00000000000000000e+00
2 0 0 1.00000000000000000e+00
2 1 1 -1.00000000000000000e+00
3 0 0 1.00000000000000000e+00
4 0 0 -1.00000000000000000e+00
5 0 0 1.00000000000000000e+00
5 1 1 -1.00000000000000000e+00
6 0 0 -4.99999999999999889e-01
6 0 1 -3.16227766016837941e-01
6 0 2 -7.07106781186547573e-01
6 0 3 -3.87298334620741758e-01
6 1 0 -3.16227766016837886e-01
6 1 1 4.00000000000000078e-01
6 1 2 4.47213595499958039e-01
6 1 3 -7.34846922834953342e-01
6 2 0 -7.07106781186547684e-01
6 2 1 4.47213595499958039e-01
6 2 3 5.47722557505166185e-01
6 3 0 -3.87298334620741702e-01
6 3 1 -7.34846922834953231e-01
6 3 2 5.47722557505166296e-01
6 3 3 1.00000000000000006e-01
7 0 0 1.25000000000000028e-01
7 0 1 3.95284707521047385e-01
7 0 2 3.53553390593273731e-01
7 0 5 -3.53553390593273953e-01
7 0 6 6.49519052838329114e-01
7 0 7 3.95284707521047385e-01
7 1 0 3.95284707521047496e-01
7 1 1 2.49999999999999972e-01
7 1 2 -4.47213595499957928e-01
7 1 3 -5.00000000000000111e-01
7 1 4 -5.00000000000000111e-01
7 1 6 -1.36930639376291546e-01
7 1 7 2.49999999999999972e-01
7 2 0 3.53553390593273842e-01
7 2 1 -4.47213595499957872e-01
7 2 2 -2.99999999999999989e-01
7 2 5 -5.00000000000000111e-01
7 2 6 3.67423461417476727e-01
7 2 7 -4.47213595499957872e-01
7 3 1 -5.00000000000000111e-01
7 3 3 -5.00000000000000222e-01
7 3 4 5.00000000000000111e-01
7 3 7 5.00000000000000000e-01
7 4 1 -5.00000000000000111e-01
7 4 3 5.00000000000000222e-01
7 4 4 -5.00000000000000111e-01
7 4 7 5.00000000000000111e-01
7 5 0 -3.53553390593273953e-01
7 5 2 -5.00000000000000222e-01
7 5 5 5.00000000000000333e-01
7 5 6 6.12372435695794692e-01
7 6 0 6.49519052838329003e-01
7 6 1 -1.36930639376291546e-01
7 6 2 3.67423461417476727e-01
7 6 5 6.12372435695794803e-01
7 6 6 1.74999999999999989e-01
7 6 7 -1.36930639376291546e-01
7 7 0 3.95284707521047496e-01
7 7 1 2.50000000000000000e-01
7 7 2 -4.47213595499957983e-01
7 7 3 5.00000000000000000e-01
7 7 4 5.00000000000000111e-01
7 7 6 -1.36930639376291546e-01
7 7 7 2.50000000000000000e-01
8 0 0 5.00000000000000000e-01
8 0 1 8.66025403784438819e-01
8 1 0 8.66025403784438930e-01
8 1 1 -5.00000000000000111e-01
9 0 0 -1.66666666666666713e-01
9 0 1 4.47213595499957983e-01
9 0 2 -3.33333333333333259e-01
9 0 3 2.04124145231931425e-01
9 0 4 -4.18330013267037837e-01
9 0 5 6.66666666666666408e-01
9 1 0 4.47213595499958039e-01
9 1 1 2.00000000000000039e-01
9 1 4 7.48331477354788221e-01
9 1 5 4.47213595499958039e-01
9 2 0 -3.33333333333333204e-01
9 2 2 3.33333333333333426e-01
9 2 3 -8.16496580927726257e-01
9 2 5 3.33333333333333259e-01
9 3 0 2.04124145231931564e-01
9 3 2 -8.16496580927726145e-01
9 3 3 -4.99999999999999889e-01
9 3 5 -2.04124145231931564e-01
9 4 0 -4.18330013267037781e-01
9 4 1 7.48331477354788333e-01
9 4 4 2.99999999999999933e-01
9 4 5 -4.18330013267037781e-01
9 5 0 6.66666666666666408e-01
9 5 1 4.47213595499957928e-01
9 5 2 3.33333333333333259e-01
9 5 3 -2.04124145231931536e-01
9 5 4 -4.18330013267037615e-01
9 5 5 -1.66666666666666657e-01
10 0 0 3.99999999999999967e-01
10 0 1 -4.47213595499958039e-01
10 0 2 -7.34846922834953453e-01
10 0 3 3.16227766016837997e-01
10 1 0 -4.47213595499957983e-01
10 1 2 -5.47722557505166185e-01
10 1 3 -7.07106781186547684e-01
10 2 0 -7.34846922834953453e-01
10 2 1 -5.47722557505166296e-01
10 2 2 9.99999999999999917e-02
10 2 3 3.87298334620741813e-01
10 3 0 3.16227766016837886e-01
10 3 1 -7.07106781186547795e-01
10 3 2 3.87298334620741702e-01
10 3 3 -5.00000000000000111e-01
11 0 0 1.00000000000000000e+00
12 0 0 -5.00000000000000000e-01
12 0 1 8.66025403784438819e-01
12 1 0 8.66025403784438486e-01
12 1 1 4.99999999999999778e-01
13 0 0 -1.00000000000000000e+00
14 0 0 7.50000000000000000e-01
14 0 1 4.47213595499958150e-01
14 0 2 4.67707173346742777e-01
14 0 3 1.36930639376291574e-01
14 1 0 4.47213595499957983e-01
14 1 1 2.00000000000000039e-01
14 1 2 -8.36660026534075563e-01
14 1 3 -2.44948974278317883e-01
14 2 0 4.67707173346742777e-01
14 2 1 -8.36660026534075785e-01
14 2 2 1.25000000000000028e-01
14 2 3 -2.56173769148990038e-01
14 3 0 1.36930639376291602e-01
14 3 1 -2.44948974278317883e-01
14 3 2 -2.56173769148989927e-01
14 3 3 9.25000000000000155e-01
15 0 0 -1.00000000000000000e+00
16 0 0 -5.00000000000000222e-01
16 0 1 -3.16227766016837886e-01
16 0 2 -7.07106781186547795e-01
16 0 3 -3.87298334620741813e-01
16 1 0 -3.16227766016837997e-01
16 1 1 4.00000000000000022e-01
16 1 2 4.47213595499957983e-01
16 1 3 -7.34846922834953453e-01
16 2 0 -7.07106781186547795e-01
16 2 1 4.47213595499957983e-01
16 2 3 5.47722557505166185e-01
16 3 0 -3.87298334620741758e-01
16 3 1 -7.34846922834953231e-01
16 3 2 5.47722557505166074e-01
16 3 3 1.00000000000000006e-01
17 0 0 2.50000000000000056e-01
17 0 1 8.83883476483184549e-01
17 0 2 -2.49999999999999889e-01
17 0 3 -3.06186217847897346e-01
17 1 0 8.83883476483184882e-01
17 1 1 -3.75000000000000056e-01
17 1 2 -1.76776695296637032e-01
17 1 3 -2.16506350946109705e-01
17 2 0 -2.49999999999999889e-01
17 2 1 -1.76776695296636921e-01
17 2 2 2.50000000000000111e-01
17 2 3 -9.18558653543691928e-01
17 3 0 -3.06186217847897346e-01
17 3 1 -2.16506350946109705e-01
17 3 2 -9.18558653543692594e-01
17 3 3 -1.24999999999999972e-01
18 0 0 -8.33333333333333287e-02
18 0 1 -2.10818510677891952e-01
18 0 2 3.48608344389198188e-01
18 0 3 7.93856620135735436e-01
18 0 4 -4.43705983732471165e-01
18 1 0 -2.10818510677892035e-01
18 1 1 6.66666666666666935e-02
18 1 2 8.81917103688197312e-01
18 1 3 -1.82574185835055414e-01
18 1 4 3.74165738677394222e-01
18 2 0 3.48608344389198244e-01
18 2 1 8.81917103688196868e-01
18 2 2 4.16666666666666644e-02
18 2 3 3.01903682212279978e-01
18 2 4 8.83883476483184605e-02
18 3 0 7.93856620135735547e-01
18 3 1 -1.82574185835055358e-01
18 3 2 3.01903682212279978e-01
18 3 3 -3.12500000000000000e-01
18 3 4 -3.84260653723485002e-01
18 4 0 -4.43705983732471276e-01
18 4 1 3.74165738677394055e-01
18 4 2 8.83883476483184743e-02
18 4 3 -3.84260653723484891e-01
18 4 4 -7.12499999999999911e-01
19 0 0 1.00000000000000000e+00
20 0 0 2.00000000000000039e-01
20 0 1 9.79795897113271308e-01
20 1 0 9.79795897113271197e-01
20 1 1 -2.00000000000000011e-01
21 0 0 -2.49999999999999972e-01
21 0 1 9.68245836551854144e-01
21 1 0 9.68245836551854255e-01
21 1 1 2.49999999999999972e-01
22 0 0 1.00000000000000000e+00
23 0 0 1.00000000000000000e+00
24 0 0 -8.33333333333333703e-02
24 0 1 -2.10818510677892007e-01
24 0 2 3.48608344389198188e-01
24 0 3 7.93856620135735436e-01
24 0 4 -4.43705983732471054e-01
24 1 0 -2.10818510677891979e-01
24 1 1 6.66666666666666380e-02
24 1 2 8.81917103688196979e-01
24 1 3 -1.82574185835055414e-01
24 1 4 3.74165738677393944e-01
24 2 0 3.48608344389198077e-01
24 2 1 8.81917103688196868e-01
24 2 2 4.16666666666666574e-02
24 2 3 3.01903682212280033e-01
24 2 4 8.83883476483184743e-02
24 3 0 7.93856620135735325e-01
24 3 1 -1.82574185835055414e-01
24 3 2 3.01903682212279922e-01
24 3 3 -3.12500000000000111e-01
24 3 4 -3.84260653723484891e-01
24 4 0 -4.43705983732471165e-01
24 4 1 3.74165738677394222e-01
24 4 2 8.83883476483184327e-02
24 4 3 -3.84260653723485002e-01
24 4 4 -7.12499999999999911e-01
25 0 0 1.00000000000000000e+00
26 0 0 -1.66666666666666657e-01
26 0 1 4.47213595499958039e-01
26 0 2 -3.33333333333333259e-01
26 0 3 2.04124145231931592e-01
26 0 4 -4.18330013267037781e-01
26 0 5 6.66666666666666630e-01
26 1 0 4.47213595499957761e-01
26 1 1 2.00000000000000039e-01
26 1 4 7.48331477354787999e-01
26 1 5 4.47213595499957872e-01
26 2 0 -3.33333333333333370e-01
26 2 2 3.33333333333333315e-01
26 2 3 -8.16496580927726701e-01
26 2 5 3.33333333333333370e-01
26 3 0 2.04124145231931564e-01
26 3 2 -8.16496580927726479e-01
26 3 3 -5.00000000000000000e-01
26 3 5 -2.04124145231931536e-01
26 4 0 -4.18330013267037670e-01
26 4 1 7.48331477354788333e-01
26 4 4 2.99999999999999989e-01
26 4 5 -4.18330013267037726e-01
26 5 0 6.66666666666666741e-01
26 5 1 4.47213595499957817e-01
26 5 2 3.33333333333333370e-01
26 5 3 -2.04124145231931536e-01
26 5 4 -4.18330013267037892e-01
26 5 5 -1.66666666666666630e-01
27 0 0 8.33333333333333426e-02
27 0 1 1.31761569173682480e-01
27 0 2 5.59016994374947340e-01
27 0 3 1.61374306091975617e-01
27 0 4 4.72455591261534344e-02
27 0 5 7.96819072889595192e-01
27 1 0 1.31761569173682591e-01
27 1 1 -2.91666666666666907e-01
27 1 2 1.76776695296636782e-01
27 1 3 8.67527617235709370e-01
27 1 4 -2.24105364250198807e-01
27 1 5 -2.51976315339484891e-01
27 2 0 5.59016994374947340e-01
27 2 1 1.76776695296636865e-01
27 2 2 -2.50000000000000000e-01
27 2 3 2.16506350946109816e-01
27 2 4 7.39509972887451905e-01
27 3 0 1.61374306091975783e-01
27 3 1 8.67527617235709037e-01
27 3 2 2.16506350946109927e-01
27 3 3 6.25000000000000000e-02
27 3 4 -2.74471895516775255e-01
27 3 5 -3.08606699924183769e-01
27 4 0 4.72455591261534066e-02
27 4 1 -2.24105364250198807e-01
27 4 2 7.39509972887452238e-01
27 4 3 -2.74471895516775033e-01
27 4 4 3.48214285714285920e-01
27 4 5 -4.51753951452625646e-01
27 5 0 7.96819072889595748e-01
27 5 1 -2.51976315339484558e-01
27 5 3 -3.08606699924183714e-01
27 5 4 -4.51753951452625813e-01
27 5 5 4.76190476190476511e-02
28 0 0 3.42592592592592615e-01
28 0 1 -3.31269329999969026e-02
28 0 2 -8.66124395086560750e-02
28 0 3 1.90181443578182785e-01
28 0 4 2.33853586673371389e-01
28 0 5 2.33853586673371250e-01
28 0 6 4.33613691358256503e-01
28 0 7 -7.40740740740740700e-02
28 0 8 -2.34242789642102378e-01
28 0 9 6.92899516069248711e-01
28 1 0 -3.31269329999968887e-02
28 1 1 5.18518518518518504e-02
28 1 2 3.09874083901509556e-01
28 1 3 -2.72165526975908789e-01
28 1 6 1.63299316185545246e-01
28 1 7 -3.31269329999968887e-02
28 1 8 8.38052481406278749e-01
28 1 9 3.09874083901509445e-01
28 2 0 -8.66124395086560195e-02
28 2 1 3.09874083901509334e-01
28 2 2 1.43518518518518490e-01
28 2 3 -7.11593803191638841e-02
28 2 4 3.12500000000000056e-01
28 2 5 3.12499999999999778e-01
28 2 6 -3.96459404635341406e-01
28 2 7 6.92899516069248600e-01
28 2 8 -6.26040188687790322e-02
28 2 9 1.85185185185185119e-01
28 3 0 1.90181443578182646e-01
28 3 1 -2.72165526975908734e-01
28 3 2 -7.11593803191638841e-02
28 3 3 8.12500000000000000e-01
28 3 6 -1.87499999999999944e-01
28 3 7 1.90181443578182646e-01
28 3 8 3.84900179459750802e-01
28 3 9 -7.11593803191638841e-02
28 4 0 2.33853586673371444e-01
28 4 2 3.12500000000000000e-01
28 4 4 -1.87499999999999972e-01
28 4 5 8.12499999999999889e-01
28 4 7 -2.33853586673371389e-01
28 4 9 -3.12500000000000000e-01
28 5 0 2.33853586673371305e-01
28 5 2 3.12499999999999944e-01
28 5 4 8.12500000000000222e-01
28 5 5 -1.87499999999999833e-01
28 5 7 -2.33853586673371250e-01
28 5 9 -3.12499999999999889e-01
28 6 0 4.33613691358256448e-01
28 6 1 1.63299316185545135e-01
28 6 2 -3.96459404635341517e-01
28 6 3 -1.87499999999999944e-01
28 6 6 4.69642857142857029e-01
28 6 7 4.33613691358256670e-01
28 6 8 1.64957219768464475e-01
28 6 9 -3.96459404635341572e-01
28 7 0 -7.40740740740740700e-02
28 7 1 -3.31269329999968956e-02
28 7 2 6.92899516069248489e-01
28 7 3 1.90181443578182674e-01
28 7 4 -2.33853586673371194e-01
28 7 5 -2.33853586673371222e-01
28 7 6 4.33613691358256503e-01
28 7 7 3.42592592592592671e-01
28 7 8 -2.34242789642102295e-01
28 7 9 -8.66124395086560334e-02
28 8 0 -2.34242789642102212e-01
28 8 1 8.38052481406278749e-01
28 8 2 -6.26040188687790461e-02
28 8 3 3.84900179459750635e-01
28 8 6 1.64957219768464586e-01
28 8 7 -2.34242789642102128e-01
28 8 8 6.87830687830688070e-02
28 8 9 -6.26040188687790183e-02
28 9 0 6.92899516069248600e-01
28 9 1 3.09874083901509445e-01
28 9 2 1.85185185185185175e-01
28 9 3 -7.11593803191638286e-02
28 9 4 -3.12499999999999778e-01
28 9 5 -3.12499999999999778e-01
28 9 6 -3.96459404635341850e-01
28 9 7 -8.66124395086559917e-02
28 9 8 -6.26040188687789906e-02
28 9 9 1.43518518518518517e-01
29 0 0 3.33333333333333537e-01
29 0 1 9.42809041582063467e-01
29 1 0 9.42809041582063578e-01
29 1 1 -3.33333333333333703e-01
30 0 0 6.66666666666666796e-02
30 0 1 1.82574185835055303e-01
30 0 2 3.74165738677394111e-01
30 0 3 2.10818510677891979e-01
30 0 4 8.81917103688196646e-01
30 1 0 1.82574185835055358e-01
30 1 1 -3.12500000000000056e-01
30 1 2 3.84260653723485057e-01
30 1 3 7.93856620135735547e-01
30 1 4 -3.01903682212279922e-01
30 2 0 3.74165738677394111e-01
30 2 1 3.84260653723484891e-01
30 2 2 -7.12500000000000133e-01
30 2 3 4.43705983732471332e-01
30 2 4 8.83883476483184327e-02
30 3 0 2.10818510677892007e-01
30 3 1 7.93856620135735769e-01
30 3 2 4.43705983732471332e-01
30 3 3 -8.33333333333333565e-02
30 3 4 -3.48608344389198188e-01
30 4 0 8.81917103688196868e-01
30 4 1 -3.01903682212279922e-01
30 4 2 8.83883476483184050e-02
30 4 3 -3.48608344389198188e-01
30 4 4 4.16666666666666644e-02
31 0 0 -8.33333333333333287e-02
31 0 1 2.28217732293819281e-01
31 0 2 3.34076552390531023e-01
31 0 3 1.66666666666666435e-01
31 0 4 -3.27326835353988488e-01
31 0 5 8.33333333333334036e-01
31 1 0 2.28217732293819253e-01
31 1 1 2.49999999999999889e-01
31 1 3 9.12870929175277457e-01
31 1 5 -2.28217732293819142e-01
31 2 0 3.34076552390530745e-01
31 2 2 1.07142857142857234e-01
31 2 4 8.74817765279706339e-01
31 2 5 3.34076552390530968e-01
31 3 0 1.66666666666666741e-01
31 3 1 9.12870929175277568e-01
31 3 3 -3.33333333333333315e-01
31 3 5 -1.66666666666666657e-01
31 4 0 -3.27326835353988377e-01
31 4 2 8.74817765279706672e-01
31 4 4 1.42857142857142960e-01
31 4 5 -3.27326835353988710e-01
31 5 0 8.33333333333333148e-01
31 5 1 -2.28217732293819336e-01
31 5 2 3.34076552390530523e-01
31 5 3 -1.66666666666666768e-01
31 5 4 -3.27326835353987877e-01
31 5 5 -8.33333333333334120e-02
32 0 0 6.25000000000000000e-02
32 0 1 2.74471895516774922e-01
32 0 2 -1.61374306091975728e-01
32 0 3 3.08606699924183936e-01
32 0 4 8.67527617235708925e-01
32 0 5 -2.16506350946109760e-01
32 1 0 2.74471895516775255e-01
32 1 1 3.48214285714285754e-01
32 1 2 4.72455591261534136e-02
32 1 3 -4.51753951452625868e-01
32 1 4 2.24105364250199030e-01
32 1 5 7.39509972887451794e-01
32 2 0 -1.61374306091975728e-01
32 2 1 4.72455591261533789e-02
32 2 2 8.33333333333333426e-02
32 2 3 7.96819072889595748e-01
32 2 4 -1.31761569173682563e-01
32 2 5 5.59016994374947118e-01
32 3 0 3.08606699924183825e-01
32 3 1 -4.51753951452625646e-01
32 3 2 7.96819072889596303e-01
32 3 3 4.76190476190476233e-02
32 3 4 2.51976315339484891e-01
32 4 0 8.67527617235708925e-01
32 4 1 2.24105364250198696e-01
32 4 2 -1.31761569173682536e-01
32 4 3 2.51976315339484946e-01
32 4 4 -2.91666666666666963e-01
32 4 5 -1.76776695296636838e-01
32 5 0 -2.16506350946109510e-01
32 5 1 7.39509972887452016e-01
32 5 2 5.59016994374947118e-01
32 5 4 -1.76776695296636838e-01
32 5 5 -2.49999999999999944e-01
33 0 0 1.00000000000000000e+00
34 0 0 -3.33333333333333370e-01
34 0 1 9.42809041582065022e-01
34 1 0 9.42809041582065577e-01
34 1 1 3.33333333333333537e-01
35 0 0 1.00000000000000000e+00
36 0 0 -1.00000000000000000e+00
37 0 0 2.00000000000000039e-01
37 0 1 9.79795897113270975e-01
37 1 0 9.79795897113271308e-01
37 1 1 -2.00000000000000039e-01
38 0 0 3.99999999999999856e-01
38 0 1 -4.47213595499957928e-01
38 0 2 -7.34846922834953453e-01
38 0 3 3.16227766016837941e-01
38 1 0 -4.47213595499957983e-01
38 1 2 -5.47722557505166296e-01
38 1 3 -7.07106781186547684e-01
38 2 0 -7.34846922834953564e-01
38 2 1 -5.47722557505166296e-01
38 2 2 1.00000000000000006e-01
38 2 3 3.87298334620741647e-01
38 3 0 3.16227766016837941e-01
38 3 1 -7.07106781186547795e-01
38 3 2 3.87298334620741758e-01
38 3 3 -5.00000000000000222e-01
39 0 0 1.00000000000000000e+00
40 0 0 6.66666666666666796e-02
40 0 1 1.82574185835055275e-01
40 0 2 3.74165738677394111e-01
40 0 3 2.10818510677891952e-01
40 0 4 8.81917103688196646e-01
40 1 0 1.82574185835055386e-01
40 1 1 -3.12499999999999944e-01
40 1 2 3.84260653723485168e-01
40 1 3 7.93856620135735325e-01
40 1 4 -3.01903682212279978e-01
40 2 0 3.74165738677394111e-01
40 2 1 3.84260653723484891e-01
40 2 2 -7.12500000000000022e-01
40 2 3 4.43705983732471332e-01
40 2 4 8.83883476483184466e-02
40 3 0 2.10818510677891952e-01
40 3 1 7.93856620135735658e-01
40 3 2 4.43705983732471332e-01
40 3 3 -8.33333333333333565e-02
40 3 4 -3.48608344389198133e-01
40 4 0 8.81917103688197090e-01
40 4 1 -3.01903682212280033e-01
40 4 2 8.83883476483184605e-02
40 4 3 -3.48608344389198188e-01
40 4 4 4.16666666666666782e-02
41 0 0 2.00000000000000011e-01
41 0 1 -2.44948974278317799e-01
41 0 2 4.47213595499957983e-01
41 0 3 -8.36660026534075563e-01
41 1 0 -2.44948974278317827e-01
41 1 1 9.25000000000000155e-01
41 1 2 1.36930639376291546e-01
41 1 3 -2.56173769148989983e-01
41 2 0 4.47213595499958039e-01
41 2 1 1.36930639376291546e-01
41 2 2 7.50000000000000222e-01
41 2 3 4.67707173346742611e-01
41 3 0 -8.36660026534075341e-01
41 3 1 -2.56173769148989927e-01
41 3 2 4.67707173346742777e-01
41 3 3 1.25000000000000000e-01
42 0 0 2.49999999999999917e-01
42 0 1 9.68245836551854255e-01
42 1 0 9.68245836551854144e-01
42 1 1 -2.50000000000000056e-01
43 0 0 -1.25000000000000000e-01
43 0 1 3.06186217847897346e-01
43 0 2 2.16506350946109677e-01
43 0 3 -9.18558653543691928e-01
43 1 0 3.06186217847897346e-01
43 1 1 2.50000000000000000e-01
43 1 2 8.83883476483184549e-01
43 1 3 2.49999999999999889e-01
43 2 0 2.16506350946109649e-01
43 2 1 8.83883476483184549e-01
43 2 2 -3.74999999999999889e-01
43 2 3 1.76776695296636976e-01
43 3 0 -9.18558653543691928e-01
43 3 1 2.50000000000000056e-01
43 3 2 1.76776695296636921e-01
43 3 3 2.49999999999999944e-01
44 0 0 1.00000000000000000e+00
45 0 0 -1.00000000000000000e+00
46 0 0 2.50000000000000000e-01
46 0 1 8.83883476483184771e-01
46 0 2 -2.49999999999999944e-01
46 0 3 -3.06186217847897235e-01
46 1 0 8.83883476483184438e-01
46 1 1 -3.75000000000000111e-01
46 1 2 -1.76776695296637004e-01
46 1 3 -2.16506350946109594e-01
46 2 0 -2.50000000000000111e-01
46 2 1 -1.76776695296636949e-01
46 2 2 2.50000000000000111e-01
46 2 3 -9.18558653543692261e-01
46 3 0 -3.06186217847897235e-01
46 3 1 -2.16506350946109732e-01
46 3 2 -9.18558653543692594e-01
46 3 3 -1.25000000000000000e-01
47 0 0 -2.50000000000000000e-01
47 0 1 9.18558653543691483e-01
47 0 2 -2.16506350946109649e-01
47 0 3 -2.16506350946109427e-01
47 1 0 9.18558653543691150e-01
47 1 1 1.25000000000000056e-01
47 1 2 -2.65165042944955243e-01
47 1 3 -2.65165042944955354e-01
47 2 0 -2.16506350946109760e-01
47 2 1 -2.65165042944955187e-01
47 2 2 6.24999999999999514e-02
47 2 3 -9.37500000000001110e-01
47 3 0 -2.16506350946109566e-01
47 3 1 -2.65165042944955354e-01
47 3 2 -9.37500000000000666e-01
47 3 3 6.24999999999999306e-02
48 0 0 5.00000000000000000e-01
48 0 1 8.66025403784438819e-01
48 1 0 8.66025403784438708e-01
48 1 1 -5.00000000000000000e-01
49 0 0 3.57142857142857262e-02
49 0 1 4.78091443733757560e-01
49 0 2 -2.00445931434318381e-01
49 0 3 -9.44911182523069243e-02
49 0 4 -9.44911182523069521e-02
49 0 5 1.33630620956212198e-01
49 0 6 -1.95615199108987795e-02
49 0 7 8.13157112614726452e-01
49 0 8 1.80701580581050292e-01
49 1 0 4.78091443733757782e-01
49 1 1 5.00000000000000028e-02
49 1 2 -1.11803398874989440e-01
49 1 3 2.37170824512628581e-01
49 1 4 2.37170824512628498e-01
49 1 5 -5.59016994374946785e-02
49 1 6 7.85584404849572815e-01
49 1 7 -2.83473354756920495e-02
49 1 8 1.51185789203690857e-01
49 2 0 -2.00445931434318353e-01
49 2 1 -1.11803398874989537e-01
49 2 2 8.74999999999999778e-01
49 2 5 -1.25000000000000000e-01
49 2 6 2.56173769148990038e-01
49 2 7 3.16932845523193729e-01
49 3 0 -9.44911182523069243e-02
49 3 1 2.37170824512628442e-01
49 3 3 -1.25000000000000083e-01
49 3 4 8.75000000000000555e-01
49 3 5 -2.65165042944955354e-01
49 3 6 -1.55264750852029815e-01
49 3 7 4.48210728500397920e-02
49 3 8 -2.39045721866878835e-01
49 4 0 -9.44911182523068410e-02
49 4 1 2.37170824512628636e-01
49 4 3 8.75000000000000555e-01
49 4 4 -1.25000000000000000e-01
49 4 5 -2.65165042944955298e-01
49 4 6 -1.55264750852029759e-01
49 4 7 4.48210728500397990e-02
49 4 8 -2.39045721866878891e-01
49 5 0 1.33630620956212282e-01
49 5 1 -5.59016994374947271e-02
49 5 2 -1.25000000000000139e-01
49 5 3 -2.65165042944955243e-01
49 5 4 -2.65165042944955354e-01
49 5 5 -1.87500000000000194e-01
49 5 6 2.19577516413420021e-01
49 5 7 1.58466422761596837e-01
49 5 8 -8.45154254728516685e-01
49 6 0 -1.95615199108987968e-02
49 6 1 7.85584404849572704e-01
49 6 2 2.56173769148989983e-01
49 6 3 -1.55264750852029704e-01
49 6 4 -1.55264750852029759e-01
49 6 5 2.19577516413419882e-01
49 6 6 1.10714285714285682e-01
49 6 7 -4.45384493374854085e-01
49 6 8 -9.89743318610787487e-02
49 7 0 8.13157112614725897e-01
49 7 1 -2.83473354756920461e-02
49 7 2 3.16932845523193951e-01
49 7 3 4.48210728500397990e-02
49 7 4 4.48210728500398128e-02
49 7 5 1.58466422761596837e-01
49 7 6 -4.45384493374854251e-01
49 7 7 5.17857142857143168e-02
49 7 8 -8.57142857142857845e-02
49 8 0 1.80701580581050236e-01
49 8 1 1.51185789203690885e-01
49 8 3 -2.39045721866878835e-01
49 8 4 -2.39045721866878724e-01
49 8 5 -8.45154254728517018e-01
49 8 6 -9.89743318610786654e-02
49 8 7 -8.57142857142857845e-02
49 8 8 3.14285714285714279e-01
50 0 0 5.00000000000000666e-01
50 0 1 8.66025403784440706e-01
50 1 0 8.66025403784438152e-01
50 1 1 -4.99999999999999556e-01
51 0 0 8.33333333333333010e-02
51 0 1 1.31761569173682508e-01
51 0 2 5.59016994374947784e-01
51 0 3 1.61374306091975728e-01
51 0 4 4.72455591261534136e-02
51 0 5 7.96819072889596192e-01
51 1 0 1.31761569173682508e-01
51 1 1 -2.91666666666666741e-01
51 1 2 1.76776695296636921e-01
51 1 3 8.67527617235708925e-01
51 1 4 -2.24105364250198724e-01
51 1 5 -2.51976315339484946e-01
51 2 0 5.59016994374947784e-01
51 2 1 1.76776695296636865e-01
51 2 2 -2.49999999999999944e-01
51 2 3 2.16506350946109788e-01
51 2 4 7.39509972887452016e-01
51 3 0 1.61374306091975644e-01
51 3 1 8.67527617235708592e-01
51 3 2 2.16506350946109927e-01
51 3 3 6.25000000000000278e-02
51 3 4 -2.74471895516774922e-01
51 3 5 -3.08606699924183880e-01
51 4 0 4.72455591261534413e-02
51 4 1 -2.24105364250198696e-01
51 4 2 7.39509972887451794e-01
51 4 3 -2.74471895516774755e-01
51 4 4 3.48214285714285754e-01
51 4 5 -4.51753951452626201e-01
51 5 0 7.96819072889595637e-01
51 5 1 -2.51976315339484780e-01
51 5 3 -3.08606699924183880e-01
51 5 4 -4.51753951452625480e-01
51 5 5 4.76190476190476233e-02
52 0 0 -8.33333333333334397e-02
52 0 1 1.55902391115580796e-01
52 0 2 5.51198189805122807e-01
52 0 3 1.20761472884911902e-01
52 0 4 -1.67705098312484396e-01
52 0 5 7.88810637746615861e-01
52 1 0 1.55902391115580741e-01
52 1 1 2.08333333333333259e-01
52 1 2 2.94627825494394972e-02
52 1 3 9.35970975333460631e-01
52 1 4 -1.04582503316759473e-01
52 1 5 -2.10818510677891896e-01
52 2 0 5.51198189805123251e-01
52 2 1 2.94627825494395250e-02
52 2 2 1.04166666666666602e-01
52 2 3 2.28217732293820377e-02
52 2 4 8.13460970176197895e-01
52 2 5 1.49071198499985791e-01
52 3 0 1.20761472884911958e-01
52 3 1 9.35970975333459743e-01
52 3 2 2.28217732293819996e-02
52 3 3 -2.74999999999999745e-01
52 3 4 -8.10092587300982880e-02
52 3 5 -1.63299316185545024e-01
52 4 0 -1.67705098312484230e-01
52 4 1 -1.04582503316759376e-01
52 4 2 8.13460970176196341e-01
52 4 3 -8.10092587300982048e-02
52 4 4 1.12500000000000183e-01
52 4 5 -5.29150262212918054e-01
52 5 0 7.88810637746615528e-01
52 5 1 -2.10818510677891757e-01
52 5 2 1.49071198499985930e-01
52 5 3 -1.63299316185545496e-01
52 5 4 -5.29150262212918054e-01
52 5 5 -6.66666666666666935e-02
53 0 0 1.00000000000000000e+00
54 0 1 1.76776695296636754e-01
54 0 2 -1.63663417676994272e-01
54 0 3 2.37170824512628470e-01
54 0 4 8.94427190999916522e-01
54 0 5 -2.92770021884560361e-01
54 1 0 1.76776695296636976e-01
54 1 1 6.24999999999999889e-01
54 1 3 -1.67705098312484119e-01
54 1 4 1.58113883008419220e-01
54 1 5 7.24568837309472080e-01
54 2 0 -1.63663417676994299e-01
54 2 2 3.57142857142857054e-02
54 2 3 9.31588505112178389e-01
54 2 4 -1.46385010942280014e-01
54 2 5 2.87494454249972942e-01
54 3 0 2.37170824512628747e-01
54 3 1 -1.67705098312484396e-01
54 3 2 9.31588505112178500e-01
54 3 3 2.49999999999999979e-02
54 3 4 2.12132034355964200e-01
54 3 5 4.62910049886275723e-02
54 4 0 8.94427190999915189e-01
54 4 1 1.58113883008419248e-01
54 4 2 -1.46385010942279903e-01
54 4 3 2.12132034355964005e-01
54 4 4 -1.99999999999999900e-01
54 4 5 -2.61861468283190901e-01
54 5 0 -2.92770021884560083e-01
54 5 1 7.24568837309472413e-01
54 5 2 2.87494454249972997e-01
54 5 3 4.62910049886275515e-02
54 5 4 -2.61861468283191012e-01
54 5 5 -4.85714285714285765e-01
55 0 0 1.00000000000000000e+00
56 0 0 1.42857142857142794e-01
56 0 1 9.89743318610786349e-01
56 1 0 9.89743318610787570e-01
56 1 1 -1.42857142857142877e-01
57 0 0 -2.00000000000000094e-01
57 0 1 9.79795897113270753e-01
57 1 0 9.79795897113271086e-01
57 1 1 1.99999999999999845e-01
58 0 0 1.00000000000000000e+00
59 0 0 -2.50000000000000056e-01
59 0 1 9.68245836551853811e-01
59 1 0 9.68245836551854255e-01
59 1 1 2.49999999999999861e-01
60 0 0 1.25000000000000056e-01
60 0 1 9.92156741649220852e-01
60 1 0 9.92156741649220630e-01
60 1 1 -1.24999999999999986e-01
61 0 0 1.00000000000000000e+00
62 0 1 1.76776695296636976e-01
62 0 2 -1.63663417676994272e-01
62 0 3 2.37170824512628498e-01
62 0 4 8.94427190999916188e-01
62 0 5 -2.92770021884559750e-01
62 1 0 1.76776695296636949e-01
62 1 1 6.25000000000000333e-01
62 1 3 -1.67705098312484424e-01
62 1 4 1.58113883008419248e-01
62 1 5 7.24568837309471969e-01
62 2 0 -1.63663417676994327e-01
62 2 2 3.57142857142856984e-02
62 2 3 9.31588505112177612e-01
62 2 4 -1.46385010942279958e-01
62 2 5 2.87494454249973108e-01
62 3 0 2.37170824512628553e-01
62 3 1 -1.67705098312484258e-01
62 3 2 9.31588505112179055e-01
62 3 3 2.49999999999999910e-02
62 3 4 2.12132034355964089e-01
62 3 5 4.62910049886275585e-02
62 4 0 8.94427190999915966e-01
62 4 1 1.58113883008418971e-01
62 4 2 -1.46385010942279903e-01
62 4 3 2.12132034355964533e-01
62 4 4 -2.00000000000000011e-01
62 4 5 -2.61861468283191068e-01
62 5 0 -2.92770021884560139e-01
62 5 1 7.24568837309472413e-01
62 5 2 2.87494454249973108e-01
62 5 3 4.62910049886275585e-02
62 5 4 -2.61861468283190735e-01
62 5 5 -4.85714285714285932e-01
63 0 0 1.00000000000000000e+00
64 0 0 -8.33333333333333703e-02
64 0 1 2.28217732293819253e-01
64 0 2 3.34076552390530135e-01
64 0 3 1.66666666666666574e-01
64 0 4 -3.27326835353988377e-01
64 0 5 8.33333333333333814e-01
64 1 0 2.28217732293819420e-01
64 1 1 2.50000000000000111e-01
64 1 3 9.12870929175276458e-01
64 1 5 -2.28217732293819031e-01
64 2 0 3.34076552390530745e-01
64 2 2 1.07142857142857109e-01
64 2 4 8.74817765279705895e-01
64 2 5 3.34076552390529968e-01
64 3 0 1.66666666666666657e-01
64 3 1 9.12870929175276569e-01
64 3 3 -3.33333333333333648e-01
64 3 5 -1.66666666666666574e-01
64 4 0 -3.27326835353988599e-01
64 4 2 8.74817765279707005e-01
64 4 4 1.42857142857142905e-01
64 4 5 -3.27326835353988987e-01
64 5 0 8.33333333333332815e-01
64 5 1 -2.28217732293819225e-01
64 5 2 3.34076552390530357e-01
64 5 3 -1.66666666666666602e-01
64 5 4 -3.27326835353988488e-01
64 5 5 -8.33333333333332871e-02
65 0 0 4.16666666666666782e-02
65 0 1 1.20761472884912027e-01
65 0 2 3.91311896062463638e-01
65 0 3 1.39443337755679159e-01
65 0 4 3.04290309725092044e-02
65 0 5 9.00102874778868411e-01
65 1 0 1.20761472884912055e-01
65 1 1 -1.99999999999999983e-01
65 1 2 1.62018517460196160e-01
65 1 3 9.23760430703400415e-01
65 1 4 -1.76383420737639129e-01
65 1 5 -1.86338998124982780e-01
65 2 0 3.91311896062462861e-01
65 2 1 1.62018517460196243e-01
65 2 2 -2.25000000000000061e-01
65 2 3 1.87082869338696861e-01
65 2 4 8.57321409974112880e-01
65 3 0 1.39443337755679075e-01
65 3 1 9.23760430703401969e-01
65 3 2 1.87082869338696972e-01
65 3 3 6.66666666666665964e-02
65 3 4 -2.03670030886926479e-01
65 3 5 -2.15165741455967507e-01
65 4 0 3.04290309725092044e-02
65 4 1 -1.76383420737639046e-01
65 4 2 8.57321409974112325e-01
65 4 3 -2.03670030886926479e-01
65 4 4 2.88888888888889250e-01
65 4 5 -3.28671099061089877e-01
65 5 0 9.00102874778870299e-01
65 5 1 -1.86338998124982724e-01
65 5 3 -2.15165741455967618e-01
65 5 4 -3.28671099061089489e-01
65 5 5 2.77777777777777832e-02
66 0 0 2.50000000000000056e-01
66 0 1 9.68245836551853811e-01
66 1 0 9.68245836551854366e-01
66 1 1 -2.50000000000000056e-01
67 0 0 1.71874999999999944e-01
67 0 1 -2.28726579597312712e-02
67 0 2 -5.54632479665588679e-02
67 0 3 1.47901994577490203e-01
67 0 4 1.93649167310370712e-01
67 0 5 1.93649167310370962e-01
67 0 6 3.59190558259619985e-01
67 0 7 -7.81249999999999584e-02
67 0 8 -2.06699321176920969e-01
67 0 9 8.31948719498383893e-01
67 1 0 -2.28726579597312366e-02
67 1 1 2.90178571428571369e-02
67 1 2 2.43569644814373182e-01
67 1 3 -2.16506350946109566e-01
67 1 6 9.27884361197611751e-02
67 1 7 -2.28726579597312331e-02
67 1 8 9.07730471767362435e-01
67 1 9 2.43569644814373376e-01
67 2 0 -5.54632479665589512e-02
67 2 1 2.43569644814373376e-01
67 2 2 9.06250000000000389e-02
67 2 3 -7.50000000000001360e-02
67 2 4 2.29128784747792136e-01
67 2 5 2.29128784747791719e-01
67 2 6 -3.25000000000000067e-01
67 2 7 8.31948719498383227e-01
67 2 8 -3.49385621484342296e-02
67 2 9 1.40625000000000028e-01
67 3 0 1.47901994577490592e-01
67 3 1 -2.16506350946109538e-01
67 3 2 -7.49999999999999972e-02
67 3 3 9.00000000000000910e-01
67 3 6 -1.00000000000000047e-01
67 3 7 1.47901994577490398e-01
67 3 8 2.79508497187473615e-01
67 3 9 -7.50000000000000389e-02
67 4 0 1.93649167310370907e-01
67 4 2 2.29128784747792247e-01
67 4 4 -1.00000000000000089e-01
67 4 5 9.00000000000000910e-01
67 4 7 -1.93649167310370740e-01
67 4 9 -2.29128784747791914e-01
67 5 0 1.93649167310370962e-01
67 5 2 2.29128784747792080e-01
67 5 4 9.00000000000000355e-01
67 5 5 -9.99999999999999778e-02
67 5 7 -1.93649167310370934e-01
67 5 9 -2.29128784747791858e-01
67 6 0 3.59190558259619375e-01
67 6 1 9.27884361197613972e-02
67 6 2 -3.25000000000000122e-01
67 6 3 -1.00000000000000047e-01
67 6 6 7.09523809523809224e-01
67 6 7 3.59190558259619874e-01
67 6 8 9.31694990624912928e-02
67 6 9 -3.24999999999999845e-01
67 7 0 -7.81250000000000555e-02
67 7 1 -2.28726579597312366e-02
67 7 2 8.31948719498384892e-01
67 7 3 1.47901994577490481e-01
67 7 4 -1.93649167310371018e-01
67 7 5 -1.93649167310370879e-01
67 7 6 3.59190558259619819e-01
67 7 7 1.71875000000000083e-01
67 7 8 -2.06699321176920914e-01
67 7 9 -5.54632479665589651e-02
67 8 0 -2.06699321176921191e-01
67 8 1 9.07730471767363434e-01
67 8 2 -3.49385621484342365e-02
67 8 3 2.79508497187473837e-01
67 8 6 9.31694990624911956e-02
67 8 7 -2.06699321176921219e-01
67 8 8 3.64583333333332593e-02
67 8 9 -3.49385621484342157e-02
67 9 0 8.31948719498383227e-01
67 9 1 2.43569644814373126e-01
67 9 2 1.40624999999999917e-01
67 9 3 -7.49999999999999833e-02
67 9 4 -2.29128784747792080e-01
67 9 5 -2.29128784747792053e-01
67 9 6 -3.25000000000000233e-01
67 9 7 -5.54632479665589651e-02
67 9 8 -3.49385621484342226e-02
67 9 9 9.06249999999999278e-02
68 0 0 2.49999999999999944e-01
68 0 1 9.68245836551852146e-01
68 1 0 9.68245836551854588e-01
68 1 1 -2.50000000000000111e-01
69 0 0 3.57142857142856707e-02
69 0 1 1.46385010942279958e-01
69 0 2 2.87494454249972720e-01
69 0 3 1.63663417676994188e-01
69 0 5 9.31588505112177168e-01
69 1 0 1.46385010942280153e-01
69 1 1 -2.00000000000000233e-01
69 1 2 2.61861468283191012e-01
69 1 3 8.94427190999915966e-01
69 1 4 -1.58113883008418998e-01
69 1 5 -2.12132034355964200e-01
69 2 0 2.87494454249972942e-01
69 2 1 2.61861468283191012e-01
69 2 2 -4.85714285714285821e-01
69 2 3 2.92770021884559861e-01
69 2 4 7.24568837309472080e-01
69 2 5 4.62910049886276417e-02
69 3 0 1.63663417676994327e-01
69 3 1 8.94427190999915189e-01
69 3 2 2.92770021884559806e-01
69 3 4 -1.76776695296636865e-01
69 3 5 -2.37170824512628386e-01
69 4 1 -1.58113883008419165e-01
69 4 2 7.24568837309471192e-01
69 4 3 -1.76776695296637032e-01
69 4 4 6.24999999999999445e-01
69 4 5 -1.67705098312484480e-01
69 5 0 9.31588505112178167e-01
69 5 1 -2.12132034355964116e-01
69 5 2 4.62910049886275932e-02
69 5 3 -2.37170824512628498e-01
69 5 4 -1.67705098312484285e-01
69 5 5 2.50000000000000118e-02
70 0 0 -4.99999999999999889e-02
70 0 1 1.73205080756887481e-01
70 0 2 2.64575131106459582e-01
70 0 3 1.36930639376291630e-01
70 0 4 -2.62202212042537686e-01
70 0 5 9.00000000000000466e-01
70 1 0 1.73205080756887897e-01
70 1 1 1.99999999999999956e-01
70 1 3 9.48683298050513768e-01
70 1 5 -1.73205080756887564e-01
70 2 0 2.64575131106459027e-01
70 2 2 6.66666666666665964e-02
70 2 4 9.24962461700772787e-01
70 2 5 2.64575131106458805e-01
70 3 0 1.36930639376291685e-01
70 3 1 9.48683298050516544e-01
70 3 3 -2.49999999999999806e-01
70 3 5 -1.36930639376291574e-01
70 4 0 -2.62202212042537686e-01
70 4 2 9.24962461700776561e-01
70 4 4 8.33333333333332871e-02
70 4 5 -2.62202212042537908e-01
70 5 0 9.00000000000000799e-01
70 5 1 -1.73205080756887481e-01
70 5 2 2.64575131106458972e-01
70 5 3 -1.36930639376291713e-01
70 5 4 -2.62202212042538019e-01
70 5 5 -5.00000000000000375e-02
71 0 0 6.66666666666667629e-02
71 0 1 2.03670030886925840e-01
71 0 2 -1.39443337755679297e-01
71 0 3 2.15165741455967591e-01
71 0 4 9.23760430703403190e-01
71 0 5 -1.87082869338697194e-01
71 1 0 2.03670030886926007e-01
71 1 1 2.88888888888888917e-01
71 1 2 3.04290309725091905e-02
71 1 3 -3.28671099061089489e-01
71 1 4 1.76383420737639462e-01
71 1 5 8.57321409974111548e-01
71 2 0 -1.39443337755679159e-01
71 2 1 3.04290309725092530e-02
71 2 2 4.16666666666666852e-02
71 2 3 9.00102874778868078e-01
71 2 4 -1.20761472884912138e-01
71 2 5 3.91311896062463138e-01
71 3 0 2.15165741455967369e-01
71 3 1 -3.28671099061089766e-01
71 3 2 9.00102874778868967e-01
71 3 3 2.77777777777777624e-02
71 3 4 1.86338998124982530e-01
71 4 0 9.23760430703402635e-01
71 4 1 1.76383420737639462e-01
71 4 2 -1.20761472884912055e-01
71 4 3 1.86338998124982502e-01
71 4 4 -2.00000000000000039e-01
71 4 5 -1.62018517460196410e-01
71 5 0 -1.87082869338696667e-01
71 5 1 8.57321409974113879e-01
71 5 2 3.91311896062462583e-01
71 5 4 -1.62018517460196299e-01
71 5 5 -2.25000000000000061e-01
72 0 0 1.00000000000000000e+00
73 0 0 1.25000000000000028e-01
73 0 1 9.92156741649220852e-01
73 1 0 9.92156741649221852e-01
73 1 1 -1.25000000000000056e-01
74 0 0 -2.50000000000000611e-01
74 0 1 9.68245836551851147e-01
74 1 0 9.68245836551852368e-01
74 1 1 2.49999999999999500e-01
75 0 0 1.00000000000000000e+00
76 0 0 1.00000000000000000e+00
77 0 0 -4.99999999999999944e-01
77 0 1 8.66025403784438708e-01
77 1 0 8.66025403784438708e-01
77 1 1 4.99999999999999722e-01
78 0 0 1.42857142857142710e-01
78 0 1 9.89743318610786682e-01
78 1 0 9.89743318610786904e-01
78 1 1 -1.42857142857142960e-01
79 0 0 6.25000000000000278e-02
79 0 1 2.74471895516774922e-01
79 0 2 -1.61374306091975728e-01
79 0 3 3.08606699924183880e-01
79 0 4 8.67527617235709148e-01
79 0 5 -2.16506350946109594e-01
79 1 0 2.74471895516775033e-01
79 1 1 3.48214285714285532e-01
79 1 2 4.72455591261533650e-02
79 1 3 -4.51753951452625535e-01
79 1 4 2.24105364250198891e-01
79 1 5 7.39509972887451905e-01
79 2 0 -1.61374306091975644e-01
79 2 1 4.72455591261533858e-02
79 2 2 8.33333333333333703e-02
79 2 3 7.96819072889596192e-01
79 2 4 -1.31761569173682452e-01
79 2 5 5.59016994374947895e-01
79 3 0 3.08606699924183936e-01
79 3 1 -4.51753951452625591e-01
79 3 2 7.96819072889595525e-01
79 3 3 4.76190476190475886e-02
79 3 4 2.51976315339485002e-01
79 4 0 8.67527617235708925e-01
79 4 1 2.24105364250198669e-01
79 4 2 -1.31761569173682536e-01
79 4 3 2.51976315339484724e-01
79 4 4 -2.91666666666666741e-01
79 4 5 -1.76776695296637004e-01
79 5 0 -2.16506350946109732e-01
79 5 1 7.39509972887452127e-01
79 5 2 5.59016994374948006e-01
79 5 4 -1.76776695296636865e-01
79 5 5 -2.49999999999999944e-01
80 0 0 1.00000000000000000e+00
81 0 0 -1.25000000000000056e-01
81 0 1 3.06186217847897235e-01
81 0 2 2.16506350946109732e-01
81 0 3 -9.18558653543692039e-01
81 1 0 3.06186217847897346e-01
81 1 1 2.49999999999999944e-01
81 1 2 8.83883476483184660e-01
81 1 3 2.49999999999999861e-01
81 2 0 2.16506350946109760e-01
81 2 1 8.83883476483184660e-01
81 2 2 -3.74999999999999944e-01
81 2 3 1.76776695296636921e-01
81 3 0 -9.18558653543691483e-01
81 3 1 2.49999999999999861e-01
81 3 2 1.76776695296636838e-01
81 3 3 2.50000000000000056e-01
82 0 0 3.57142857142857123e-02
82 0 1 1.46385010942279931e-01
82 0 2 2.87494454249973164e-01
82 0 3 1.63663417676994188e-01
82 0 5 9.31588505112178944e-01
82 1 0 1.46385010942280097e-01
82 1 1 -1.99999999999999956e-01
82 1 2 2.61861468283191179e-01
82 1 3 8.94427190999916299e-01
82 1 4 -1.58113883008418915e-01
82 1 5 -2.12132034355964449e-01
82 2 0 2.87494454249973219e-01
82 2 1 2.61861468283191068e-01
82 2 2 -4.85714285714285376e-01
82 2 3 2.92770021884560028e-01
82 2 4 7.24568837309472080e-01
82 2 5 4.62910049886276001e-02
82 3 0 1.63663417676994216e-01
82 3 1 8.94427190999916188e-01
82 3 2 2.92770021884559917e-01
82 3 4 -1.76776695296636838e-01
82 3 5 -2.37170824512628498e-01
82 4 1 -1.58113883008418832e-01
82 4 2 7.24568837309471636e-01
82 4 3 -1.76776695296637032e-01
82 4 4 6.25000000000000444e-01
82 4 5 -1.67705098312484230e-01
82 5 0 9.31588505112177945e-01
82 5 1 -2.12132034355964116e-01
82 5 2 4.62910049886276348e-02
82 5 3 -2.37170824512628220e-01
82 5 4 -1.67705098312484119e-01
82 5 5 2.50000000000000049e-02
83 0 0 1.10714285714285682e-01
83 0 1 -1.95615199108988141e-02
83 0 2 -9.89743318610787071e-02
83 0 3 2.56173769148990094e-01
83 0 4 1.55264750852029759e-01
83 0 5 1.55264750852029676e-01
83 0 6 2.19577516413419854e-01
83 0 7 -4.45384493374854196e-01
83 0 8 7.85584404849572038e-01
83 1 0 -1.95615199108987899e-02
83 1 1 3.57142857142857331e-02
83 1 2 1.80701580581050153e-01
83 1 3 -2.00445931434318464e-01
83 1 4 9.44911182523067439e-02
83 1 5 9.44911182523068549e-02
83 1 6 1.33630620956212198e-01
83 1 7 8.13157112614726008e-01
83 1 8 4.78091443733757782e-01
83 2 0 -9.89743318610786793e-02
83 2 1 1.80701580581050264e-01
83 2 2 3.14285714285714557e-01
83 2 4 2.39045721866878780e-01
83 2 5 2.39045721866879030e-01
83 2 6 -8.45154254728516463e-01
83 2 7 -8.57142857142857151e-02
83 2 8 1.51185789203690940e-01
83 3 0 2.56173769148990260e-01
83 3 1 -2.00445931434318159e-01
83 3 3 8.75000000000000444e-01
83 3 6 -1.25000000000000056e-01
83 3 7 3.16932845523193285e-01
83 3 8 -1.11803398874989510e-01
83 4 0 1.55264750852029731e-01
83 4 1 9.44911182523068133e-02
83 4 2 2.39045721866878724e-01
83 4 4 -1.24999999999999972e-01
83 4 5 8.75000000000000000e-01
83 4 6 2.65165042944955243e-01
83 4 7 -4.48210728500397435e-02
83 4 8 -2.37170824512628442e-01
83 5 0 1.55264750852029787e-01
83 5 1 9.44911182523068549e-02
83 5 2 2.39045721866878724e-01
83 5 4 8.75000000000000000e-01
83 5 5 -1.24999999999999931e-01
83 5 6 2.65165042944955465e-01
83 5 7 -4.48210728500397504e-02
83 5 8 -2.37170824512628498e-01
83 6 0 2.19577516413419854e-01
83 6 1 1.33630620956212171e-01
83 6 2 -8.45154254728516241e-01
83 6 3 -1.25000000000000056e-01
83 6 4 2.65165042944955132e-01
83 6 5 2.65165042944955298e-01
83 6 6 -1.87499999999999972e-01
83 6 7 1.58466422761596781e-01
83 6 8 -5.59016994374947548e-02
83 7 0 -4.45384493374854196e-01
83 7 1 8.13157112614726230e-01
83 7 2 -8.57142857142857151e-02
83 7 3 3.16932845523193896e-01
83 7 4 -4.48210728500397851e-02
83 7 5 -4.48210728500397851e-02
83 7 6 1.58466422761596865e-01
83 7 7 5.17857142857142683e-02
83 7 8 -2.83473354756920599e-02
83 8 0 7.85584404849572260e-01
83 8 1 4.78091443733757560e-01
83 8 2 1.51185789203690968e-01
83 8 3 -1.11803398874989399e-01
83 8 4 -2.37170824512628636e-01
83 8 5 -2.37170824512628553e-01
83 8 6 -5.59016994374947548e-02
83 8 7 -2.83473354756920322e-02
83 8 8 5.00000000000000236e-02
84 0 0 2.00000000000000039e-01
84 0 1 9.79795897113271197e-01
84 1 0 9.79795897113271086e-01
84 1 1 -2.00000000000000094e-01
85 0 0 -6.66666666666667351e-02
85 0 1 2.10818510677892146e-01
85 0 2 1.49071198499985708e-01
85 0 3 1.63299316185544940e-01
85 0 4 -5.29150262212918165e-01
85 0 5 7.88810637746614973e-01
85 1 0 2.10818510677892146e-01
85 1 1 2.08333333333333509e-01
85 1 2 -2.94627825494395215e-02
85 1 3 9.35970975333460298e-01
85 1 4 1.04582503316759529e-01
85 1 5 -1.55902391115580768e-01
85 2 0 1.49071198499986096e-01
85 2 1 -2.94627825494394660e-02
85 2 2 1.04166666666666560e-01
85 2 3 -2.28217732293819649e-02
85 2 4 8.13460970176198117e-01
85 2 5 5.51198189805123473e-01
85 3 0 1.63299316185545468e-01
85 3 1 9.35970975333458632e-01
85 3 2 -2.28217732293819510e-02
85 3 3 -2.75000000000000189e-01
85 3 4 8.10092587300981909e-02
85 3 5 -1.20761472884912124e-01
85 4 0 -5.29150262212917388e-01
85 4 1 1.04582503316759626e-01
85 4 2 8.13460970176198228e-01
85 4 3 8.10092587300981909e-02
85 4 4 1.12499999999999989e-01
85 4 5 -1.67705098312484369e-01
85 5 0 7.88810637746615084e-01
85 5 1 -1.55902391115580796e-01
85 5 2 5.51198189805122585e-01
85 5 3 -1.20761472884912249e-01
85 5 4 -1.67705098312484174e-01
85 5 5 -8.33333333333333287e-02
86 0 0 1.25000000000000000e-01
86 0 1 2.65165042944955076e-01
86 0 2 2.65165042944955298e-01
86 0 3 9.18558653543691706e-01
86 1 0 2.65165042944955187e-01
86 1 1 6.24999999999999861e-02
86 1 2 -9.37499999999999112e-01
86 1 3 2.16506350946109538e-01
86 2 0 2.65165042944955520e-01
86 2 1 -9.37499999999999889e-01
86 2 2 6.25000000000000278e-02
86 2 3 2.16506350946109649e-01
86 3 0 9.18558653543691483e-01
86 3 1 2.16506350946109621e-01
86 3 2 2.16506350946109594e-01
86 3 3 -2.50000000000000056e-01
87 0 0 1.00000000000000000e+00
88 0 0 -5.00000000000000333e-01
88 0 1 8.66025403784438375e-01
88 1 0 8.66025403784438375e-01
88 1 1 5.00000000000001110e-01
89 0 0 -1.00000000000000000e+00
90 0 0 9.16666666666666852e-01
90 0 1 2.79508497187473781e-01
90 0 2 2.81718084909505562e-01
90 0 3 4.72455591261534205e-02
90 1 0 2.79508497187473615e-01
90 1 1 6.25000000000000000e-02
90 1 2 -9.44911182523067827e-01
90 1 3 -1.58466422761596809e-01
90 2 0 2.81718084909505784e-01
90 2 1 -9.44911182523068716e-01
90 2 2 4.76190476190476025e-02
90 2 3 -1.59719141249984931e-01
90 3 0 4.72455591261534483e-02
90 3 1 -1.58466422761596920e-01
90 3 2 -1.59719141249985042e-01
90 3 3 9.73214285714286476e-01
91 0 0 -1.00000000000000000e+00
92 0 0 -2.49999999999999861e-01
92 0 1 9.18558653543691706e-01
92 0 2 -2.16506350946109649e-01
92 0 3 -2.16506350946109677e-01
92 1 0 9.18558653543692150e-01
92 1 1 1.25000000000000000e-01
92 1 2 -2.65165042944955409e-01
92 1 3 -2.65165042944955187e-01
92 2 0 -2.16506350946109649e-01
92 2 1 -2.65165042944955354e-01
92 2 2 6.24999999999999861e-02
92 2 3 -9.37500000000000444e-01
92 3 0 -2.16506350946109816e-01
92 3 1 -2.65165042944955520e-01
92 3 2 -9.37500000000000444e-01
92 3 3 6.25000000000000139e-02
93 0 0 1.66666666666666685e-01
93 0 1 9.52579344415680596e-01
93 0 2 -1.70588771906386355e-01
93 0 3 -1.88982236504613654e-01
93 1 0 9.52579344415679818e-01
93 1 1 -2.22222222222222182e-01
93 1 2 -1.39285149006224185e-01
93 1 3 -1.54303349962091885e-01
93 2 0 -1.70588771906386327e-01
93 2 1 -1.39285149006224240e-01
93 2 2 1.26984126984126644e-01
93 2 3 -9.67147429123328406e-01
93 3 0 -1.88982236504613460e-01
93 3 1 -1.54303349962091774e-01
93 3 2 -9.67147429123327407e-01
93 3 3 -7.14285714285713969e-02
94 0 0 1.00000000000000000e+00
95 0 0 -2.77777777777777832e-02
95 0 1 -1.42318760638327768e-01
95 0 2 1.87812056606337013e-01
95 0 3 9.22330984215776306e-01
95 0 4 -3.04968772796416487e-01
95 1 0 -1.42318760638327602e-01
95 1 1 2.08333333333333391e-02
95 1 2 9.62250448649375811e-01
95 1 3 -1.35015431216830406e-01
95 1 4 1.87499999999999917e-01
95 2 0 1.87812056606337041e-01
95 2 1 9.62250448649377033e-01
95 2 2 1.58730158730158756e-02
95 2 3 1.78174161274949755e-01
95 2 4 8.24786098842322235e-02
95 3 0 9.22330984215777971e-01
95 3 1 -1.35015431216830462e-01
95 3 2 1.78174161274949588e-01
95 3 3 -1.24999999999999958e-01
95 3 4 -2.89318781178922346e-01
95 4 0 -3.04968772796416487e-01
95 4 1 1.87500000000000056e-01
95 4 2 8.24786098842321957e-02
95 4 3 -2.89318781178922069e-01
95 4 4 -8.83928571428571730e-01
96 0 0 1.00000000000000000e+00
97 0 0 1.24999999999999917e-01
97 0 1 9.92156741649222740e-01
97 1 0 9.92156741649221408e-01
97 1 1 -1.25000000000000000e-01
98 0 0 -1.42857142857142877e-01
98 0 1 9.89743318610786016e-01
98 1 0 9.89743318610788125e-01
98 1 1 1.42857142857142599e-01
99 0 0 1.00000000000000000e+00
100 0 0 1.00000000000000000e+00
101 0 0 -2.77777777777777589e-02
101 0 1 -1.42318760638327713e-01
101 0 2 1.87812056606336847e-01
101 0 3 9.22330984215776195e-01
101 0 4 -3.04968772796416487e-01
101 1 0 -1.42318760638327768e-01
101 1 1 2.08333333333333322e-02
101 1 2 9.62250448649375256e-01
101 1 3 -1.35015431216830545e-01
101 1 4 1.87499999999999806e-01
101 2 0 1.87812056606337235e-01
101 2 1 9.62250448649377255e-01
101 2 2 1.58730158730158721e-02
101 2 3 1.78174161274949533e-01
101 2 4 8.24786098842323206e-02
101 3 0 9.22330984215777638e-01
101 3 1 -1.35015431216830378e-01
101 3 2 1.78174161274949505e-01
101 3 3 -1.25000000000000139e-01
101 3 4 -2.89318781178922235e-01
101 4 0 -3.04968772796416598e-01
101 4 1 1.87500000000000222e-01
101 4 2 8.24786098842321541e-02
101 4 3 -2.89318781178922568e-01
101 4 4 -8.83928571428571064e-01
102 0 0 1.00000000000000000e+00
103 0 0 -8.33333333333332038e-02
103 0 1 1.55902391115580907e-01
103 0 2 5.51198189805123251e-01
103 0 3 1.20761472884912027e-01
103 0 4 -1.67705098312484313e-01
103 0 5 7.88810637746614640e-01
103 1 0 1.55902391115580824e-01
103 1 1 2.08333333333333481e-01
103 1 2 2.94627825494394799e-02
103 1 3 9.35970975333460298e-01
103 1 4 -1.04582503316759487e-01
103 1 5 -2.10818510677892007e-01
103 2 0 5.51198189805122585e-01
103 2 1 2.94627825494395076e-02
103 2 2 1.04166666666666699e-01
103 2 3 2.28217732293819926e-02
103 2 4 8.13460970176198228e-01
103 2 5 1.49071198499986041e-01
103 3 0 1.20761472884911972e-01
103 3 1 9.35970975333458854e-01
103 3 2 2.28217732293820273e-02
103 3 3 -2.75000000000000189e-01
103 3 4 -8.10092587300982742e-02
103 3 5 -1.63299316185545357e-01
103 4 0 -1.67705098312484313e-01
103 4 1 -1.04582503316759487e-01
103 4 2 8.13460970176197451e-01
103 4 3 -8.10092587300982186e-02
103 4 4 1.12500000000000017e-01
103 4 5 -5.29150262212918943e-01
103 5 0 7.88810637746615528e-01
103 5 1 -2.10818510677891868e-01
103 5 2 1.49071198499985957e-01
103 5 3 -1.63299316185545301e-01
103 5 4 -5.29150262212918165e-01
103 5 5 -6.66666666666666102e-02
104 0 0 5.55555555555555594e-02
104 0 1 9.07218423253029344e-02
104 0 2 5.68629239687953092e-01
104 0 3 1.05409255338946031e-01
104 0 4 4.87950036474266088e-02
104 0 5 8.07373427759333628e-01
104 1 0 9.07218423253028788e-02
104 1 1 -1.85185185185185008e-01
104 1 2 9.28567660041494242e-02
104 1 3 9.46729262406258321e-01
104 1 4 -1.59363814577918983e-01
104 1 5 -1.64804410824347991e-01
104 2 0 5.68629239687954868e-01
104 2 1 9.28567660041493409e-02
104 2 2 -1.32275132275132684e-01
104 2 3 1.07889812495024870e-01
104 2 4 7.99092455748686148e-01
104 2 5 -1.87812056606337686e-02
104 3 0 1.05409255338946073e-01
104 3 1 9.46729262406258876e-01
104 3 2 1.07889812495024967e-01
104 3 3 9.99999999999999223e-02
104 3 4 -1.85164019954510400e-01
104 3 5 -1.91485421551267770e-01
104 4 0 4.87950036474266297e-02
104 4 1 -1.59363814577919344e-01
104 4 2 7.99092455748687591e-01
104 4 3 -1.85164019954510484e-01
104 4 4 1.28571428571428503e-01
104 4 5 -5.31843156256750715e-01
104 5 0 8.07373427759331186e-01
104 5 1 -1.64804410824347991e-01
104 5 2 -1.87812056606337340e-02
104 5 3 -1.91485421551267410e-01
104 5 4 -5.31843156256751715e-01
104 5 5 3.33333333333333121e-02
105 0 0 3.33333333333333648e-01
105 0 1 9.42809041582062690e-01
105 1 0 9.42809041582064800e-01
105 1 1 -3.33333333333333703e-01
106 0 0 3.36419753086420525e-01
106 0 1 -2.41550553124977134e-02
106 0 2 -4.17360125791860562e-02
106 0 3 7.34930919740164890e-02
106 0 4 1.70103454359942952e-01
106 0 5 1.70103454359942868e-01
106 0 6 5.19701150387686939e-01
106 0 7 -6.53271928657923329e-02
106 0 8 -1.15812734810454940e-01
106 0 9 7.30380220135753877e-01
106 1 0 -2.41550553124977516e-02
106 1 1 2.23765432098765420e-02
106 1 2 3.26635964328961692e-01
106 1 3 -1.80769104483599397e-01
106 1 4 -5.32508042018910860e-02
106 1 5 -5.32508042018910652e-02
106 1 6 7.39509972887451295e-02
106 1 7 -1.46076044027151040e-02
106 1 8 9.06378016937167352e-01
106 1 9 1.63317982164480874e-01
106 2 0 -4.17360125791859382e-02
106 2 1 3.26635964328961859e-01
106 2 2 4.05643738977072288e-02
106 2 3 -9.93807989999906660e-02
106 2 4 1.84017482491294487e-01
106 2 5 1.84017482491294682e-01
106 2 6 -1.27775312999987900e-01
106 2 7 8.83384879999916439e-01
106 2 8 -1.95759251153603091e-02
106 2 9 1.23456790123456769e-01
106 3 0 7.34930919740163224e-02
106 3 1 -1.80769104483599619e-01
106 3 2 -9.93807989999905550e-02
106 3 3 9.25000000000000822e-01
106 3 6 -7.49999999999998446e-02
106 3 7 1.77777777777777507e-01
106 3 8 2.41299209783155111e-01
106 3 9 -3.10564996874971300e-02
106 4 0 1.70103454359943007e-01
106 4 1 -5.32508042018912456e-02
106 4 2 1.84017482491294349e-01
106 4 4 -7.50000000000000389e-02
106 4 5 9.25000000000001377e-01
106 4 6 -1.04154761224412057e-01
106 4 7 -1.44016459964619009e-01
106 4 8 3.19142369252112465e-02
106 4 9 -2.01269121474853235e-01
106 5 0 1.70103454359943257e-01
106 5 1 -5.32508042018912178e-02
106 5 2 1.84017482491294376e-01
106 5 4 9.25000000000002265e-01
106 5 5 -7.50000000000001499e-02
106 5 6 -1.04154761224411974e-01
106 5 7 -1.44016459964618981e-01
106 5 8 3.19142369252112396e-02
106 5 9 -2.01269121474853874e-01
106 6 0 5.19701150387687494e-01
106 6 1 7.39509972887451572e-02
106 6 2 -1.27775312999988094e-01
106 6 3 -7.49999999999999140e-02
106 6 4 -1.04154761224412015e-01
106 6 5 -1.04154761224412057e-01
106 6 6 5.66071428571429003e-01
106 6 7 2.00000000000000178e-01
106 6 8 8.86405260427917674e-02
106 6 9 -5.59016994374947784e-01
106 7 0 -6.53271928657922912e-02
106 7 1 -1.46076044027150936e-02
106 7 2 8.83384879999917105e-01
106 7 3 1.77777777777777757e-01
106 7 4 -1.44016459964618981e-01
106 7 5 -1.44016459964618954e-01
106 7 6 1.99999999999999872e-01
106 7 7 7.16049382716049954e-02
106 7 8 -3.06411694962737235e-01
106 7 9 -5.52115549999947428e-02
106 8 0 -1.15812734810454995e-01
106 8 1 9.06378016937167352e-01
106 8 2 -1.95759251153602883e-02
106 8 3 2.41299209783155638e-01
106 8 4 3.19142369252112534e-02
106 8 5 3.19142369252112187e-02
106 8 6 8.86405260427916841e-02
106 8 7 -3.06411694962737124e-01
106 8 8 2.90123456790123344e-02
106 8 9 -4.28223361898506308e-02
106 9 0 7.30380220135753988e-01
106 9 1 1.63317982164480929e-01
106 9 2 1.23456790123456811e-01
106 9 3 -3.10564996874970849e-02
106 9 4 -2.01269121474853235e-01
106 9 5 -2.01269121474853374e-01
106 9 6 -5.59016994374946785e-01
106 9 7 -5.52115549999947774e-02
106 9 8 -4.28223361898506932e-02
106 9 9 1.58950617283950296e-01
107 0 0 3.33333333333333093e-01
107 0 1 9.42809041582071461e-01
107 1 0 9.42809041582071017e-01
107 1 1 -3.33333333333332538e-01
108 0 0 4.16666666666666574e-02
108 0 1 1.20761472884912055e-01
108 0 2 3.91311896062463194e-01
108 0 3 1.39443337755679242e-01
108 0 4 3.04290309725091662e-02
108 0 5 9.00102874778870854e-01
108 1 0 1.20761472884911902e-01
108 1 1 -1.99999999999999983e-01
108 1 2 1.62018517460196826e-01
108 1 3 9.23760430703400304e-01
108 1 4 -1.76383420737639268e-01
108 1 5 -1.86338998124982447e-01
108 2 0 3.91311896062463360e-01
108 2 1 1.62018517460196798e-01
108 2 2 -2.24999999999999867e-01
108 2 3 1.87082869338696889e-01
108 2 4 8.57321409974110771e-01
108 3 0 1.39443337755679214e-01
108 3 1 9.23760430703400415e-01
108 3 2 1.87082869338697000e-01
108 3 3 6.66666666666667351e-02
108 3 4 -2.03670030886926479e-01
108 3 5 -2.15165741455967563e-01
108 4 0 3.04290309725092183e-02
108 4 1 -1.76383420737639351e-01
108 4 2 8.57321409974111992e-01
108 4 3 -2.03670030886926395e-01
108 4 4 2.88888888888888862e-01
108 4 5 -3.28671099061089600e-01
108 5 0 9.00102874778869189e-01
108 5 1 -1.86338998124982558e-01
108 5 3 -2.15165741455967979e-01
108 5 4 -3.28671099061089655e-01
108 5 5 2.77777777777777832e-02
109 0 0 -4.76190476190474984e-02
109 0 1 1.38013111868471011e-01
109 0 2 3.83325938999964588e-01
109 0 3 1.12687233963802175e-01
109 0 4 -1.59363814577918900e-01
109 0 5 8.90870806374747692e-01
109 1 0 1.38013111868470900e-01
109 1 1 1.75000000000000294e-01
109 1 2 2.31455024943138486e-02
109 1 3 9.59383482590078329e-01
109 1 4 -5.77350269189626231e-02
109 1 5 -1.61374306091976089e-01
109 2 0 3.83325938999964477e-01
109 2 1 2.31455024943138590e-02
109 2 2 6.42857142857140851e-02
109 2 3 1.88982236504613502e-02
109 2 4 9.08688222502243903e-01
109 2 5 1.49403576166799668e-01
109 3 0 1.12687233963802008e-01
109 3 1 9.59383482590076664e-01
109 3 2 1.88982236504613432e-02
109 3 3 -2.16666666666666979e-01
109 3 4 -4.71404520791031748e-02
109 3 5 -1.31761569173682758e-01
109 4 0 -1.59363814577919066e-01
109 4 1 -5.77350269189625953e-02
109 4 2 9.08688222502245679e-01
109 4 3 -4.71404520791032025e-02
109 4 4 6.66666666666667351e-02
109 4 5 -3.72677996249964616e-01
109 5 0 8.90870806374745805e-01
109 5 1 -1.61374306091975783e-01
109 5 2 1.49403576166799723e-01
109 5 3 -1.31761569173682702e-01
109 5 4 -3.72677996249965227e-01
109 5 5 -4.16666666666664354e-02
110 0 0 1.00000000000000000e+00
111 0 0 2.50000000000000083e-02
111 0 1 1.62018517460196604e-01
111 0 2 -1.33333333333333026e-01
111 0 3 1.79118210501705594e-01
111 0 4 9.35692702404656629e-01
111 0 5 -2.18501843368781840e-01
111 1 0 1.62018517460196354e-01
111 1 1 4.50000000000000677e-01
111 1 3 -1.65831239517769374e-01
111 1 4 1.47901994577490287e-01
111 1 5 8.49632273398321813e-01
111 2 0 -1.33333333333333387e-01
111 2 2 2.22222222222222508e-02
111 2 3 9.55297122675765387e-01
111 2 4 -1.21716123890037095e-01
111 2 5 2.33068632926700381e-01
111 3 0 1.79118210501705427e-01
111 3 1 -1.65831239517769402e-01
111 3 2 9.55297122675762278e-01
111 3 3 1.66666666666666491e-02
111 3 4 1.63511807252904928e-01
111 3 5 2.84637521276655363e-02
111 4 0 9.35692702404658627e-01
111 4 1 1.47901994577490453e-01
111 4 2 -1.21716123890037262e-01
111 4 3 1.63511807252905567e-01
111 4 4 -1.45833333333333426e-01
111 4 5 -1.99463980782570216e-01
111 5 0 -2.18501843368781229e-01
111 5 1 8.49632273398322480e-01
111 5 2 2.33068632926700464e-01
111 5 3 2.84637521276655397e-02
111 5 4 -1.99463980782570022e-01
111 5 5 -3.68055555555555525e-01
112 0 0 1.00000000000000000e+00
113 0 0 1.11111111111110980e-01
113 0 1 9.93807989999906050e-01
113 1 0 9.93807989999906272e-01
113 1 1 -1.11111111111111174e-01
114 0 0 -1.66666666666666824e-01
114 0 1 9.86013297183265802e-01
114 1 0 9.86013297183267579e-01
114 1 1 1.66666666666666435e-01
115 0 0 1.00000000000000000e+00
116 0 0 1.00000000000000000e+00
117 0 0 -1.99999999999999900e-01
117 0 1 9.79795897113270864e-01
117 1 0 9.79795897113271086e-01
117 1 1 2.00000000000000205e-01
118 0 0 1.00000000000000006e-01
118 0 1 9.94987437106620964e-01
118 1 0 9.94987437106622075e-01
118 1 1 -9.99999999999999500e-02
119 0 0 1.00000000000000000e+00
120 0 0 2.50000000000000222e-02
120 0 1 1.62018517460196354e-01
120 0 2 -1.33333333333333220e-01
120 0 3 1.79118210501705705e-01
120 0 4 9.35692702404658183e-01
120 0 5 -2.18501843368781173e-01
120 1 0 1.62018517460196410e-01
120 1 1 4.49999999999999678e-01
120 1 3 -1.65831239517769707e-01
120 1 4 1.47901994577489981e-01
120 1 5 8.49632273398319815e-01
120 2 0 -1.33333333333332915e-01
120 2 2 2.22222222222222161e-02
120 2 3 9.55297122675765165e-01
120 2 4 -1.21716123890036984e-01
120 2 5 2.33068632926700103e-01
120 3 0 1.79118210501705927e-01
120 3 1 -1.65831239517769818e-01
120 3 2 9.55297122675762278e-01
120 3 3 1.66666666666666873e-02
120 3 4 1.63511807252904873e-01
120 3 5 2.84637521276655502e-02
120 4 0 9.35692702404657961e-01
120 4 1 1.47901994577490481e-01
120 4 2 -1.21716123890036929e-01
120 4 3 1.63511807252904928e-01
120 4 4 -1.45833333333333787e-01
120 4 5 -1.99463980782570216e-01
120 5 0 -2.18501843368781257e-01
120 5 1 8.49632273398323146e-01
120 5 2 2.33068632926700187e-01
120 5 3 2.84637521276654981e-02
120 5 4 -1.99463980782570494e-01
120 5 5 -3.68055555555554748e-01
121 0 0 1.00000000000000000e+00
122 0 0 -5.00000000000000097e-02
122 0 1 1.73205080756887730e-01
122 0 2 2.64575131106458805e-01
122 0 3 1.36930639376291630e-01
122 0 4 -2.62202212042538130e-01
122 0 5 8.99999999999999911e-01
122 1 0 1.73205080756887758e-01
122 1 1 2.00000000000000011e-01
122 1 3 9.48683298050513990e-01
122 1 5 -1.73205080756887730e-01
122 2 0 2.64575131106458861e-01
122 2 2 6.66666666666667351e-02
122 2 4 9.24962461700776006e-01
122 2 5 2.64575131106459083e-01
122 3 0 1.36930639376291269e-01
122 3 1 9.48683298050514656e-01
122 3 3 -2.49999999999999889e-01
122 3 5 -1.36930639376291380e-01
122 4 0 -2.62202212042538185e-01
122 4 2 9.24962461700774785e-01
122 4 4 8.33333333333334120e-02
122 4 5 -2.62202212042537852e-01
122 5 0 9.00000000000001243e-01
122 5 1 -1.73205080756887814e-01
122 5 2 2.64575131106459083e-01
122 5 3 -1.36930639376291297e-01
122 5 4 -2.62202212042538130e-01
122 5 5 -4.99999999999999542e-02
123 0 0 2.50000000000000014e-02
123 0 1 1.06066017177982225e-01
123 0 2 2.99999999999999822e-01
123 0 3 1.18585412256314082e-01
123 0 4 2.06430705961192507e-02
123 0 5 9.40019342160773097e-01
123 1 0 1.06066017177982017e-01
123 1 1 -1.49999999999999717e-01
123 1 2 1.41421356237309837e-01
123 1 3 9.50328890437409202e-01
123 1 4 -1.45968552030285914e-01
123 1 5 -1.47709789175199863e-01
123 2 0 2.99999999999999822e-01
123 2 1 1.41421356237309920e-01
123 2 2 -2.00000000000000316e-01
123 2 3 1.58113883008418887e-01
123 2 4 9.08295106229249138e-01
123 3 0 1.18585412256314374e-01
123 3 1 9.50328890437408424e-01
123 3 2 1.58113883008419165e-01
123 3 3 6.25000000000000278e-02
123 3 4 -1.63197802458467128e-01
123 3 5 -1.65144564768954172e-01
123 4 0 2.06430705961192888e-02
123 4 1 -1.45968552030286136e-01
123 4 2 9.08295106229246807e-01
123 4 3 -1.63197802458467212e-01
123 4 4 2.44318181818182933e-01
123 4 5 -2.58731808559232168e-01
123 5 0 9.40019342160773985e-01
123 5 1 -1.47709789175199557e-01
123 5 3 -1.65144564768954033e-01
123 5 4 -2.58731808559230392e-01
123 5 5 1.81818181818181358e-02
124 0 0 2.00000000000000344e-01
124 0 1 9.79795897113272085e-01
124 1 0 9.79795897113270864e-01
124 1 1 -2.00000000000000344e-01
125 0 0 1.02999999999999994e-01
125 0 1 -1.59999999999999726e-02
125 0 2 -3.72290209379725831e-02
125 0 3 1.17393568818738733e-01
125 0 4 1.60565407233314250e-01
125 0 5 1.60565407233314056e-01
125 0 6 2.96279007018723062e-01
125 0 7 -7.20000000000001472e-02
125 0 8 -1.76363261480388833e-01
125 0 9 8.93496502511343382e-01
125 1 0 -1.60000000000000524e-02
125 1 1 1.86666666666666578e-02
125 1 2 1.98554778335853999e-01
125 1 3 -1.78885438199983315e-01
125 1 6 5.96284793999944385e-02
125 1 7 -1.59999999999999969e-02
125 1 8 9.40604061228741961e-01
125 1 9 1.98554778335853777e-01
125 2 0 -3.72290209379725345e-02
125 2 1 1.98554778335853915e-01
125 2 2 6.19999999999999649e-02
125 2 3 -6.93721846275580784e-02
125 2 4 1.81142209327368992e-01
125 2 5 1.81142209327367992e-01
125 2 6 -2.71182176271363429e-01
125 2 7 8.93496502511343715e-01
125 2 8 -2.21071769506483023e-02
125 2 9 1.12000000000000266e-01
125 3 0 1.17393568818738844e-01
125 3 1 -1.78885438199983121e-01
125 3 2 -6.93721846275580090e-02
125 3 3 9.37499999999997558e-01
125 3 6 -6.25000000000000971e-02
125 3 7 1.17393568818739275e-01
125 3 8 2.19089023002066091e-01
125 3 9 -6.93721846275580367e-02
125 4 0 1.60565407233313862e-01
125 4 2 1.81142209327368020e-01
125 4 4 -6.25000000000000278e-02
125 4 5 9.37499999999999889e-01
125 4 7 -1.60565407233314361e-01
125 4 9 -1.81142209327367715e-01
125 5 0 1.60565407233314500e-01
125 5 2 1.81142209327368464e-01
125 5 4 9.37499999999998779e-01
125 5 5 -6.24999999999999861e-02
125 5 7 -1.60565407233313806e-01
125 5 9 -1.81142209327367909e-01
125 6 0 2.96279007018723228e-01
125 6 1 5.96284793999946397e-02
125 6 2 -2.71182176271362596e-01
125 6 3 -6.25000000000001804e-02
125 6 6 8.16287878787877896e-01
125 6 7 2.96279007018721952e-01
125 6 8 5.97515517278363259e-02
125 6 9 -2.71182176271362874e-01
125 7 0 -7.20000000000001195e-02
125 7 1 -1.60000000000000038e-02
125 7 2 8.93496502511344382e-01
125 7 3 1.17393568818738886e-01
125 7 4 -1.60565407233313917e-01
125 7 5 -1.60565407233314167e-01
125 7 6 2.96279007018722396e-01
125 7 7 1.03000000000000203e-01
125 7 8 -1.76363261480388750e-01
125 7 9 -3.72290209379724929e-02
125 8 0 -1.76363261480389111e-01
125 8 1 9.40604061228743737e-01
125 8 2 -2.21071769506482572e-02
125 8 3 2.19089023002066396e-01
125 8 6 5.97515517278362357e-02
125 8 7 -1.76363261480388778e-01
125 8 8 2.25454545454545942e-02
125 8 9 -2.21071769506482364e-02
125 9 0 8.93496502511344937e-01
125 9 1 1.98554778335854054e-01
125 9 2 1.12000000000000169e-01
125 9 3 -6.93721846275582588e-02
125 9 4 -1.81142209327367659e-01
125 9 5 -1.81142209327367881e-01
125 9 6 -2.71182176271363040e-01
125 9 7 -3.72290209379725623e-02
125 9 8 -2.21071769506482364e-02
125 9 9 6.19999999999999371e-02
126 0 0 2.00000000000000289e-01
126 0 1 9.79795897113272973e-01
126 1 0 9.79795897113271863e-01
126 1 1 -2.00000000000000289e-01
127 0 0 2.22222222222222265e-02
127 0 1 1.21716123890036859e-01
127 0 2 2.33068632926700769e-01
127 0 3 1.33333333333333193e-01
127 0 5 9.55297122675764387e-01
127 1 0 1.21716123890036901e-01
127 1 1 -1.45833333333333454e-01
127 1 2 1.99463980782570105e-01
127 1 3 9.35692702404660959e-01
127 1 4 -1.47901994577490703e-01
127 1 5 -1.63511807252905095e-01
127 2 0 2.33068632926699881e-01
127 2 1 1.99463980782570549e-01
127 2 2 -3.68055555555555802e-01
127 2 3 2.18501843368781645e-01
127 2 4 8.49632273398321702e-01
127 2 5 2.84637521276655293e-02
127 3 0 1.33333333333333470e-01
127 3 1 9.35692702404661625e-01
127 3 2 2.18501843368781562e-01
127 3 3 2.50000000000000049e-02
127 3 4 -1.62018517460196243e-01
127 3 5 -1.79118210501705483e-01
127 4 1 -1.47901994577490564e-01
127 4 2 8.49632273398322257e-01
127 4 3 -1.62018517460196326e-01
127 4 4 4.49999999999999789e-01
127 4 5 -1.65831239517769874e-01
127 5 0 9.55297122675763388e-01
127 5 1 -1.63511807252904595e-01
127 5 2 2.84637521276655502e-02
127 5 3 -1.79118210501705372e-01
127 5 4 -1.65831239517769957e-01
127 5 5 1.66666666666666803e-02
128 0 0 -3.33333333333332218e-02
128 0 1 1.39443337755679436e-01
128 0 2 2.18465724376325776e-01
128 0 3 1.15470053837925093e-01
128 0 4 -2.17422922601843094e-01
128 0 5 9.33333333333332127e-01
128 1 0 1.39443337755679408e-01
128 1 1 1.66666666666666075e-01
128 1 3 9.66091783079299771e-01
128 1 5 -1.39443337755678909e-01
128 2 0 2.18465724376326220e-01
128 2 2 4.54545454545453240e-02
128 2 4 9.49989125644593480e-01
128 2 5 2.18465724376326637e-01
128 3 0 1.15470053837925232e-01
128 3 1 9.66091783079299438e-01
128 3 3 -1.99999999999999928e-01
128 3 5 -1.15470053837925427e-01
128 4 0 -2.17422922601842872e-01
128 4 2 9.49989125644592702e-01
128 4 4 5.45454545454544873e-02
128 4 5 -2.17422922601843704e-01
128 5 0 9.33333333333332016e-01
128 5 1 -1.39443337755679159e-01
128 5 2 2.18465724376326831e-01
128 5 3 -1.15470053837925302e-01
128 5 4 -2.17422922601843843e-01
128 5 5 -3.33333333333332774e-02
129 0 0 1.00000000000000000e+00
130 0 0 6.24999999999998265e-02
130 0 1 1.63197802458467017e-01
130 0 2 -1.18585412256314165e-01
130 0 3 1.65144564768954005e-01
130 0 4 9.50328890437410423e-01
130 0 5 -1.58113883008419026e-01
130 1 0 1.63197802458466823e-01
130 1 1 2.44318181818183239e-01
130 1 2 2.06430705961192680e-02
130 1 3 -2.58731808559230947e-01
130 1 4 1.45968552030285192e-01
130 1 5 9.08295106229249583e-01
130 2 0 -1.18585412256314221e-01
130 2 1 2.06430705961193027e-02
130 2 2 2.49999999999999355e-02
130 2 3 9.40019342160773430e-01
130 2 4 -1.06066017177981892e-01
130 2 5 3.00000000000000100e-01
130 3 0 1.65144564768953950e-01
130 3 1 -2.58731808559231446e-01
130 3 2 9.40019342160770321e-01
130 3 3 1.81818181818182260e-02
130 3 4 1.47709789175199280e-01
130 4 0 9.50328890437408091e-01
130 4 1 1.45968552030285748e-01
130 4 2 -1.06066017177981892e-01
130 4 3 1.47709789175199308e-01
130 4 4 -1.49999999999999495e-01
130 4 5 -1.41421356237310003e-01
130 5 0 -1.58113883008419026e-01
130 5 1 9.08295106229249694e-01
130 5 2 3.00000000000000322e-01
130 5 4 -1.41421356237309975e-01
130 5 5 -2.00000000000000178e-01
131 0 0 1.00000000000000000e+00
132 0 0 9.99999999999999084e-02
132 0 1 9.94987437106619410e-01
132 1 0 9.94987437106619965e-01
132 1 1 -1.00000000000000047e-01
133 0 0 -2.00000000000000178e-01
133 0 1 9.79795897113271419e-01
133 1 0 9.79795897113271086e-01
133 1 1 1.99999999999999512e-01
134 0 0 1.00000000000000000e+00
135 0 0 1.00000000000000000e+00
136 0 0 -3.33333333333333481e-01
136 0 1 9.42809041582063689e-01
136 1 0 9.42809041582063245e-01
136 1 1 3.33333333333333592e-01
137 0 0 1.11111111111111202e-01
137 0 1 9.93807989999904495e-01
137 1 0 9.93807989999905161e-01
137 1 1 -1.11111111111111202e-01
138 0 0 1.00000000000000000e+00
139 0 0 6.66666666666666519e-02
139 0 1 2.03670030886926035e-01
139 0 2 -1.39443337755679353e-01
139 0 3 2.15165741455967480e-01
139 0 4 9.23760430703399971e-01
139 0 5 -1.87082869338697194e-01
139 1 0 2.03670030886926284e-01
139 1 1 2.88888888888889139e-01
139 1 2 3.04290309725092044e-02
139 1 3 -3.28671099061089544e-01
139 1 4 1.76383420737639379e-01
139 1 5 8.57321409974112325e-01
139 2 0 -1.39443337755679464e-01
139 2 1 3.04290309725092634e-02
139 2 2 4.16666666666666782e-02
139 2 3 9.00102874778868856e-01
139 2 4 -1.20761472884911999e-01
139 2 5 3.91311896062463138e-01
139 3 0 2.15165741455967757e-01
139 3 1 -3.28671099061089156e-01
139 3 2 9.00102874778868189e-01
139 3 3 2.77777777777778317e-02
139 3 4 1.86338998124982252e-01
139 4 0 9.23760430703400082e-01
139 4 1 1.76383420737639213e-01
139 4 2 -1.20761472884912069e-01
139 4 3 1.86338998124982225e-01
139 4 4 -2.00000000000000400e-01
139 4 5 -1.62018517460196465e-01
139 5 0 -1.87082869338697111e-01
139 5 1 8.57321409974112658e-01
139 5 2 3.91311896062462972e-01
139 5 4 -1.62018517460196354e-01
139 5 5 -2.25000000000000089e-01
140 0 0 1.00000000000000000e+00
141 0 0 -6.66666666666666796e-02
141 0 1 2.10818510677891924e-01
141 0 2 1.49071198499985985e-01
141 0 3 1.63299316185545162e-01
141 0 4 -5.29150262212918054e-01
141 0 5 7.88810637746616528e-01
141 1 0 2.10818510677892174e-01
141 1 1 2.08333333333333370e-01
141 1 2 -2.94627825494394625e-02
141 1 3 9.35970975333459854e-01
141 1 4 1.04582503316759515e-01
141 1 5 -1.55902391115580713e-01
141 2 0 1.49071198499985957e-01
141 2 1 -2.94627825494394695e-02
141 2 2 1.04166666666666602e-01
141 2 3 -2.28217732293819302e-02
141 2 4 8.13460970176197895e-01
141 2 5 5.51198189805122918e-01
141 3 0 1.63299316185545274e-01
141 3 1 9.35970975333458854e-01
141 3 2 -2.28217732293819371e-02
141 3 3 -2.75000000000000078e-01
141 3 4 8.10092587300983019e-02
141 3 5 -1.20761472884912027e-01
141 4 0 -5.29150262212917832e-01
141 4 1 1.04582503316759542e-01
141 4 2 8.13460970176197451e-01
141 4 3 8.10092587300982464e-02
141 4 4 1.12500000000000058e-01
141 4 5 -1.67705098312484063e-01
141 5 0 7.88810637746616194e-01
141 5 1 -1.55902391115580963e-01
141 5 2 5.51198189805122585e-01
141 5 3 -1.20761472884911972e-01
141 5 4 -1.67705098312484119e-01
141 5 5 -8.33333333333332593e-02
142 0 0 2.22222222222222404e-02
142 0 1 1.21716123890036970e-01
142 0 2 2.33068632926700631e-01
142 0 3 1.33333333333332915e-01
142 0 5 9.55297122675762278e-01
142 1 0 1.21716123890036929e-01
142 1 1 -1.45833333333333731e-01
142 1 2 1.99463980782570605e-01
142 1 3 9.35692702404658849e-01
142 1 4 -1.47901994577490176e-01
142 1 5 -1.63511807252904928e-01
142 2 0 2.33068632926700853e-01
142 2 1 1.99463980782570077e-01
142 2 2 -3.68055555555555469e-01
142 2 3 2.18501843368781201e-01
142 2 4 8.49632273398323035e-01
142 2 5 2.84637521276655051e-02
142 3 0 1.33333333333333082e-01
142 3 1 9.35692702404660737e-01
142 3 2 2.18501843368781645e-01
142 3 3 2.50000000000000222e-02
142 3 4 -1.62018517460196299e-01
142 3 5 -1.79118210501705927e-01
142 4 1 -1.47901994577490481e-01
142 4 2 8.49632273398324589e-01
142 4 3 -1.62018517460196770e-01
142 4 4 4.50000000000000511e-01
142 4 5 -1.65831239517770013e-01
142 5 0 9.55297122675764276e-01
142 5 1 -1.63511807252904734e-01
142 5 2 2.84637521276655502e-02
142 5 3 -1.79118210501705399e-01
142 5 4 -1.65831239517769652e-01
142 5 5 1.66666666666667393e-02
143 0 0 7.16049382716050092e-02
143 0 1 -1.46076044027151058e-02
143 0 2 -5.52115549999948954e-02
143 0 3 1.77777777777778229e-01
143 0 4 1.44016459964619092e-01
143 0 5 1.44016459964619065e-01
143 0 6 2.00000000000000122e-01
143 0 7 -6.53271928657922218e-02
143 0 8 -3.06411694962736791e-01
143 0 9 8.83384879999918660e-01
143 1 0 -1.46076044027150850e-02
143 1 1 2.23765432098765177e-02
143 1 2 1.63317982164481013e-01
143 1 3 -1.80769104483599313e-01
143 1 4 5.32508042018911207e-02
143 1 5 5.32508042018911762e-02
143 1 6 7.39509972887452127e-02
143 1 7 -2.41550553124977446e-02
143 1 8 9.06378016937168574e-01
143 1 9 3.26635964328962081e-01
143 2 0 -5.52115549999947636e-02
143 2 1 1.63317982164481040e-01
143 2 2 1.58950617283950602e-01
143 2 3 -3.10564996874970849e-02
143 2 4 2.01269121474853374e-01
143 2 5 2.01269121474853235e-01
143 2 6 -5.59016994374948117e-01
143 2 7 7.30380220135754654e-01
143 2 8 -4.28223361898506238e-02
143 2 9 1.23456790123456922e-01
143 3 0 1.77777777777777757e-01
143 3 1 -1.80769104483599397e-01
143 3 2 -3.10564996874970849e-02
143 3 3 9.24999999999999600e-01
143 3 6 -7.49999999999999972e-02
143 3 7 7.34930919740164057e-02
143 3 8 2.41299209783155610e-01
143 3 9 -9.93807989999910268e-02
143 4 0 1.44016459964618981e-01
143 4 1 5.32508042018910790e-02
143 4 2 2.01269121474852625e-01
143 4 4 -7.49999999999999972e-02
143 4 5 9.25000000000002820e-01
143 4 6 1.04154761224412098e-01
143 4 7 -1.70103454359942979e-01
143 4 8 -3.19142369252112257e-02
143 4 9 -1.84017482491294820e-01
143 5 0 1.44016459964619037e-01
143 5 1 5.32508042018911970e-02
143 5 2 2.01269121474853263e-01
143 5 4 9.24999999999999600e-01
143 5 5 -7.49999999999999695e-02
143 5 6 1.04154761224411987e-01
143 5 7 -1.70103454359943007e-01
143 5 8 -3.19142369252112257e-02
143 5 9 -1.84017482491294682e-01
143 6 0 2.00000000000000067e-01
143 6 1 7.39509972887452127e-02
143 6 2 -5.59016994374947229e-01
143 6 3 -7.50000000000000389e-02
143 6 4 1.04154761224412140e-01
143 6 5 1.04154761224412043e-01
143 6 6 5.66071428571429225e-01
143 6 7 5.19701150387688382e-01
143 6 8 8.86405260427916841e-02
143 6 9 -1.27775312999988067e-01
143 7 0 -6.53271928657922912e-02
143 7 1 -2.41550553124977932e-02
143 7 2 7.30380220135755875e-01
143 7 3 7.34930919740163502e-02
143 7 4 -1.70103454359942979e-01
143 7 5 -1.70103454359942979e-01
143 7 6 5.19701150387688049e-01
143 7 7 3.36419753086420137e-01
143 7 8 -1.15812734810454884e-01
143 7 9 -4.17360125791859729e-02
143 8 0 -3.06411694962737624e-01
143 8 1 9.06378016937167352e-01
143 8 2 -4.28223361898507210e-02
143 8 3 2.41299209783155860e-01
143 8 4 -3.19142369252112534e-02
143 8 5 -3.19142369252112951e-02
143 8 6 8.86405260427917951e-02
143 8 7 -1.15812734810455301e-01
143 8 8 2.90123456790123517e-02
143 8 9 -1.95759251153602987e-02
143 9 0 8.83384879999916772e-01
143 9 1 3.26635964328961748e-01
143 9 2 1.23456790123456964e-01
143 9 3 -9.93807989999907354e-02
143 9 4 -1.84017482491294682e-01
143 9 5 -1.84017482491294904e-01
143 9 6 -1.27775312999987761e-01
143 9 7 -4.17360125791860007e-02
143 9 8 -1.95759251153602744e-02
143 9 9 4.05643738977071733e-02
144 0 0 1.66666666666666768e-01
144 0 1 9.86013297183269133e-01
144 1 0 9.86013297183269133e-01
144 1 1 -1.66666666666666852e-01
145 0 0 2.08333333333333461e-02
145 0 1 1.35015431216830434e-01
145 0 2 1.87500000000000056e-01
145 0 3 1.42318760638327685e-01
145 0 4 9.62250448649375478e-01
145 1 0 1.35015431216830434e-01
145 1 1 -1.25000000000000028e-01
145 1 2 2.89318781178922291e-01
145 1 3 9.22330984215777083e-01
145 1 4 -1.78174161274949533e-01
145 2 0 1.87500000000000167e-01
145 2 1 2.89318781178922457e-01
145 2 2 -8.83928571428571841e-01
145 2 3 3.04968772796416598e-01
145 2 4 8.24786098842321680e-02
145 3 0 1.42318760638327713e-01
145 3 1 9.22330984215776972e-01
145 3 2 3.04968772796416876e-01
145 3 3 -2.77777777777777728e-02
145 3 4 -1.87812056606336902e-01
145 4 0 9.62250448649376366e-01
145 4 1 -1.78174161274949533e-01
145 4 2 8.24786098842322790e-02
145 4 3 -1.87812056606336958e-01
145 4 4 1.58730158730158652e-02
146 0 0 -4.16666666666666713e-02
146 0 1 1.61374306091976089e-01
146 0 2 1.49403576166799196e-01
146 0 3 1.31761569173682785e-01
146 0 4 -3.72677996249964338e-01
146 0 5 8.90870806374748359e-01
146 1 0 1.61374306091975811e-01
146 1 1 1.75000000000000044e-01
146 1 2 -2.31455024943137272e-02
146 1 3 9.59383482590076442e-01
146 1 4 5.77350269189625745e-02
146 1 5 -1.38013111868470817e-01
146 2 0 1.49403576166799001e-01
146 2 1 -2.31455024943137654e-02
146 2 2 6.42857142857142100e-02
146 2 3 -1.88982236504614369e-02
146 2 4 9.08688222502244458e-01
146 2 5 3.83325938999965365e-01
146 3 0 1.31761569173682397e-01
146 3 1 9.59383482590076886e-01
146 3 2 -1.88982236504613675e-02
146 3 3 -2.16666666666666952e-01
146 3 4 4.71404520791032858e-02
146 3 5 -1.12687233963802494e-01
146 4 0 -3.72677996249964505e-01
146 4 1 5.77350269189625051e-02
146 4 2 9.08688222502247012e-01
146 4 3 4.71404520791032303e-02
146 4 4 6.66666666666667351e-02
146 4 5 -1.59363814577919316e-01
146 5 0 8.90870806374748581e-01
146 5 1 -1.38013111868470345e-01
146 5 2 3.83325938999965088e-01
146 5 3 -1.12687233963802494e-01
146 5 4 -1.59363814577919150e-01
146 5 5 -4.76190476190476372e-02
147 0 0 9.99999999999998945e-02
147 0 1 1.85164019954509984e-01
147 0 2 -1.05409255338946073e-01
147 0 3 1.91485421551268131e-01
147 0 4 9.46729262406257654e-01
147 0 5 -1.07889812495025050e-01
147 1 0 1.85164019954510040e-01
147 1 1 1.28571428571428531e-01
147 1 2 4.87950036474266990e-02
147 1 3 -5.31843156256751604e-01
147 1 4 1.59363814577919177e-01
147 1 5 7.99092455748685593e-01
147 2 0 -1.05409255338945892e-01
147 2 1 4.87950036474266019e-02
147 2 2 5.55555555555555594e-02
147 2 3 8.07373427759331519e-01
147 2 4 -9.07218423253030176e-02
147 2 5 5.68629239687954424e-01
147 3 0 1.91485421551267854e-01
147 3 1 -5.31843156256750604e-01
147 3 2 8.07373427759331519e-01
147 3 3 3.33333333333333745e-02
147 3 4 1.64804410824347880e-01
147 3 5 -1.87812056606336819e-02
147 4 0 9.46729262406260097e-01
147 4 1 1.59363814577919483e-01
147 4 2 -9.07218423253029621e-02
147 4 3 1.64804410824348518e-01
147 4 4 -1.85185185185184981e-01
147 4 5 -9.28567660041495768e-02
147 5 0 -1.07889812495024912e-01
147 5 1 7.99092455748685926e-01
147 5 2 5.68629239687954868e-01
147 5 3 -1.87812056606337097e-02
147 5 4 -9.28567660041495491e-02
147 5 5 -1.32275132275132185e-01
148 0 0 1.00000000000000000e+00
149 0 0 -3.33333333333334536e-01
149 0 1 9.42809041582066798e-01
149 1 0 9.42809041582066576e-01
149 1 1 3.33333333333333537e-01
150 0 0 1.00000000000000000e+00
151 0 0 1.00000000000000000e+00
152 0 0 -1.00000000000000000e+00
153 0 0 1.24999999999999986e-01
153 0 1 9.92156741649221741e-01
153 1 0 9.92156741649220519e-01
153 1 1 -1.25000000000000167e-01
154 0 0 1.25000000000000111e-01
154 0 1 2.65165042944955409e-01
154 0 2 2.65165042944955576e-01
154 0 3 9.18558653543692594e-01
154 1 0 2.65165042944955465e-01
154 1 1 6.24999999999999722e-02
154 1 2 -9.37500000000000000e-01
154 1 3 2.16506350946109594e-01
154 2 0 2.65165042944955520e-01
154 2 1 -9.37500000000000222e-01
154 2 2 6.25000000000000139e-02
154 2 3 2.16506350946109649e-01
154 3 0 9.18558653543691706e-01
154 3 1 2.16506350946109649e-01
154 3 2 2.16506350946109732e-01
154 3 3 -2.50000000000000000e-01
155 0 0 1.00000000000000000e+00
156 0 0 2.08333333333333703e-02
156 0 1 1.35015431216830406e-01
156 0 2 1.87500000000000250e-01
156 0 3 1.42318760638327740e-01
156 0 4 9.62250448649375589e-01
156 1 0 1.35015431216830406e-01
156 1 1 -1.24999999999999820e-01
156 1 2 2.89318781178922457e-01
156 1 3 9.22330984215778527e-01
156 1 4 -1.78174161274949477e-01
156 2 0 1.87500000000000083e-01
156 2 1 2.89318781178922180e-01
156 2 2 -8.83928571428572951e-01
156 2 3 3.04968772796416931e-01
156 2 4 8.24786098842321819e-02
156 3 0 1.42318760638327713e-01
156 3 1 9.22330984215778416e-01
156 3 2 3.04968772796416987e-01
156 3 3 -2.77777777777778040e-02
156 3 4 -1.87812056606336986e-01
156 4 0 9.62250448649376811e-01
156 4 1 -1.78174161274949644e-01
156 4 2 8.24786098842322096e-02
156 4 3 -1.87812056606337263e-01
156 4 4 1.58730158730158860e-02
157 0 0 6.24999999999999792e-02
157 0 1 -1.58466422761596809e-01
157 0 2 2.79508497187473615e-01
157 0 3 -9.44911182523068938e-01
157 1 0 -1.58466422761596892e-01
157 1 1 9.73214285714286476e-01
157 1 2 4.72455591261534136e-02
157 1 3 -1.59719141249984958e-01
157 2 0 2.79508497187473615e-01
157 2 1 4.72455591261533997e-02
157 2 2 9.16666666666666741e-01
157 2 3 2.81718084909505451e-01
157 3 0 -9.44911182523068049e-01
157 3 1 -1.59719141249985014e-01
157 3 2 2.81718084909505395e-01
157 3 3 4.76190476190476303e-02
158 0 0 1.42857142857143099e-01
158 0 1 9.89743318610788125e-01
158 1 0 9.89743318610787570e-01
158 1 1 -1.42857142857142683e-01
159 0 0 -7.14285714285714107e-02
159 0 1 1.88982236504613627e-01
159 0 2 1.54303349962091774e-01
159 0 3 -9.67147429123328850e-01
159 1 0 1.88982236504613738e-01
159 1 1 1.66666666666666741e-01
159 1 2 9.52579344415680040e-01
159 1 3 1.70588771906386605e-01
159 2 0 1.54303349962092079e-01
159 2 1 9.52579344415678042e-01
159 2 2 -2.22222222222222321e-01
159 2 3 1.39285149006224407e-01
159 3 0 -9.67147429123329294e-01
159 3 1 1.70588771906386383e-01
159 3 2 1.39285149006224074e-01
159 3 3 1.26984126984127005e-01
160 0 0 1.00000000000000000e+00
161 0 0 -1.00000000000000000e+00
END_VALUES
END_TABLE
