SU3_ADJOINT_SWAP_TABLE_V1
# Eq8 convention: B(g1,g2)[in] = sum_out W[out,in] B(g2,g1)[out]
# Irrep convention: SU(3) Dynkin labels p q; adjoint=(1,1)
# Vertex convention: isometric real CG maps; multiplicities are zero-based
# Self vertex mult=0: normalized action v tensor X -> rho(X)v (except 8x8)
# 8x8->8: mult=0 Jordan/symmetric, mult=1 Lie-bracket/antisymmetric
NC 3
ADJOINT_PQ 1 1
MAX_PREFIX_GLUONS 2
NBLOCKS 46
NPATHS 137
NVALUES 557
BEGIN_BLOCKS
# block left_p left_q right_p right_q size
0 0 0 0 0 1
1 0 0 0 3 1
2 0 0 1 1 2
3 0 0 2 2 1
4 0 0 3 0 1
5 1 1 0 0 2
6 1 1 0 3 4
7 1 1 1 1 8
8 1 1 1 4 2
9 1 1 2 2 6
10 1 1 3 0 4
11 1 1 3 3 1
12 1 1 4 1 2
13 0 3 0 0 1
14 0 3 0 3 4
15 0 3 0 6 1
16 0 3 1 1 4
17 0 3 1 4 4
18 0 3 2 2 5
19 0 3 2 5 1
20 0 3 3 0 2
21 0 3 3 3 2
22 0 3 4 1 1
23 2 2 0 0 1
24 2 2 0 3 5
25 2 2 0 6 1
26 2 2 1 1 6
27 2 2 1 4 6
28 2 2 2 2 10
29 2 2 2 5 2
30 2 2 3 0 5
31 2 2 3 3 6
32 2 2 4 1 6
33 2 2 4 4 1
34 2 2 5 2 2
35 2 2 6 0 1
36 3 0 0 0 1
37 3 0 0 3 2
38 3 0 1 1 4
39 3 0 1 4 1
40 3 0 2 2 5
41 3 0 3 0 4
42 3 0 3 3 2
43 3 0 4 1 4
44 3 0 5 2 1
45 3 0 6 0 1
END_BLOCKS
BEGIN_PATHS
# block path middle_p middle_q left_mult right_mult left_parity right_parity
0 0 1 1 0 0 0 1
1 0 1 1 0 0 0 -1
2 0 1 1 0 0 0 1
2 1 1 1 0 1 0 -1
3 0 1 1 0 0 0 1
4 0 1 1 0 0 0 -1
5 0 1 1 0 0 1 1
5 1 1 1 1 0 -1 1
6 0 0 3 0 0 -1 0
6 1 1 1 0 0 1 -1
6 2 1 1 1 0 -1 -1
6 3 2 2 0 0 1 0
7 0 0 0 0 0 1 0
7 1 0 3 0 0 -1 0
7 2 1 1 0 0 1 1
7 3 1 1 0 1 1 -1
7 4 1 1 1 0 -1 1
7 5 1 1 1 1 -1 -1
7 6 2 2 0 0 1 0
7 7 3 0 0 0 -1 0
8 0 0 3 0 0 -1 0
8 1 2 2 0 0 1 0
9 0 0 3 0 0 -1 0
9 1 1 1 0 0 1 1
9 2 1 1 1 0 -1 1
9 3 2 2 0 0 1 0
9 4 2 2 0 1 1 0
9 5 3 0 0 0 -1 0
10 0 1 1 0 0 1 -1
10 1 1 1 1 0 -1 -1
10 2 2 2 0 0 1 0
10 3 3 0 0 0 -1 0
11 0 2 2 0 0 1 0
12 0 2 2 0 0 1 0
12 1 3 0 0 0 -1 0
13 0 1 1 0 0 0 1
14 0 0 3 0 0 0 0
14 1 1 1 0 0 0 -1
14 2 1 4 0 0 0 0
14 3 2 2 0 0 0 0
15 0 1 4 0 0 0 0
16 0 0 3 0 0 0 0
16 1 1 1 0 0 0 1
16 2 1 1 0 1 0 -1
16 3 2 2 0 0 0 0
17 0 0 3 0 0 0 0
17 1 1 4 0 0 0 0
17 2 1 4 0 1 0 0
17 3 2 2 0 0 0 0
18 0 0 3 0 0 0 0
18 1 1 1 0 0 0 1
18 2 1 4 0 0 0 0
18 3 2 2 0 0 0 0
18 4 2 2 0 1 0 0
19 0 1 4 0 0 0 0
20 0 1 1 0 0 0 -1
20 1 2 2 0 0 0 0
21 0 1 4 0 0 0 0
21 1 2 2 0 0 0 0
22 0 2 2 0 0 0 0
23 0 1 1 0 0 0 1
24 0 0 3 0 0 0 0
24 1 1 1 0 0 0 -1
24 2 1 4 0 0 0 0
24 3 2 2 0 0 0 0
24 4 2 2 1 0 0 0
25 0 1 4 0 0 0 0
26 0 0 3 0 0 0 0
26 1 1 1 0 0 0 1
26 2 1 1 0 1 0 -1
26 3 2 2 0 0 0 0
26 4 2 2 1 0 0 0
26 5 3 0 0 0 0 0
27 0 0 3 0 0 0 0
27 1 1 4 0 0 0 0
27 2 1 4 0 1 0 0
27 3 2 2 0 0 0 0
27 4 2 2 1 0 0 0
27 5 3 3 0 0 0 0
28 0 0 3 0 0 0 0
28 1 1 1 0 0 0 1
28 2 1 4 0 0 0 0
28 3 2 2 0 0 0 0
28 4 2 2 0 1 0 0
28 5 2 2 1 0 0 0
28 6 2 2 1 1 0 0
28 7 3 0 0 0 0 0
28 8 3 3 0 0 0 0
28 9 4 1 0 0 0 0
29 0 1 4 0 0 0 0
29 1 3 3 0 0 0 0
30 0 1 1 0 0 0 -1
30 1 2 2 0 0 0 0
30 2 2 2 1 0 0 0
30 3 3 0 0 0 0 0
30 4 4 1 0 0 0 0
31 0 1 4 0 0 0 0
31 1 2 2 0 0 0 0
31 2 2 2 1 0 0 0
31 3 3 3 0 0 0 0
31 4 3 3 0 1 0 0
31 5 4 1 0 0 0 0
32 0 2 2 0 0 0 0
32 1 2 2 1 0 0 0
32 2 3 0 0 0 0 0
32 3 3 3 0 0 0 0
32 4 4 1 0 0 0 0
32 5 4 1 0 1 0 0
33 0 3 3 0 0 0 0
34 0 3 3 0 0 0 0
34 1 4 1 0 0 0 0
35 0 4 1 0 0 0 0
36 0 1 1 0 0 0 1
37 0 1 1 0 0 0 -1
37 1 2 2 0 0 0 0
38 0 1 1 0 0 0 1
38 1 1 1 0 1 0 -1
38 2 2 2 0 0 0 0
38 3 3 0 0 0 0 0
39 0 2 2 0 0 0 0
40 0 1 1 0 0 0 1
40 1 2 2 0 0 0 0
40 2 2 2 0 1 0 0
40 3 3 0 0 0 0 0
40 4 4 1 0 0 0 0
41 0 1 1 0 0 0 -1
41 1 2 2 0 0 0 0
41 2 3 0 0 0 0 0
41 3 4 1 0 0 0 0
42 0 2 2 0 0 0 0
42 1 4 1 0 0 0 0
43 0 2 2 0 0 0 0
43 1 3 0 0 0 0 0
43 2 4 1 0 0 0 0
43 3 4 1 0 1 0 0
44 0 4 1 0 0 0 0
45 0 4 1 0 0 0 0
END_PATHS
BEGIN_VALUES
# block out_path in_path coefficient
0 0 0 1.00000000000000000e+00
1 0 0 -1.00000000000000000e+00
2 0 0 1.00000000000000000e+00
2 1 1 -1.00000000000000000e+00
3 0 0 1.00000000000000000e+00
4 0 0 -1.00000000000000000e+00
5 0 0 1.00000000000000000e+00
5 1 1 -1.00000000000000000e+00
6 0 0 -4.99999999999999889e-01
6 0 1 -3.16227766016837941e-01
6 0 2 -7.07106781186547573e-01
6 0 3 -3.87298334620741758e-01
6 1 0 -3.16227766016837886e-01
6 1 1 4.00000000000000078e-01
6 1 2 4.47213595499958039e-01
6 1 3 -7.34846922834953342e-01
6 2 0 -7.07106781186547684e-01
6 2 1 4.47213595499958039e-01
6 2 3 5.47722557505166185e-01
6 3 0 -3.87298334620741702e-01
6 3 1 -7.34846922834953231e-01
6 3 2 5.47722557505166296e-01
6 3 3 1.00000000000000006e-01
7 0 0 1.25000000000000028e-01
7 0 1 3.95284707521047385e-01
7 0 2 3.53553390593273731e-01
7 0 5 -3.53553390593273953e-01
7 0 6 6.49519052838329114e-01
7 0 7 3.95284707521047385e-01
7 1 0 3.95284707521047496e-01
7 1 1 2.49999999999999972e-01
7 1 2 -4.47213595499957928e-01
7 1 3 -5.00000000000000111e-01
7 1 4 -5.00000000000000111e-01
7 1 6 -1.36930639376291546e-01
7 1 7 2.49999999999999972e-01
7 2 0 3.53553390593273842e-01
7 2 1 -4.47213595499957872e-01
7 2 2 -2.99999999999999989e-01
7 2 5 -5.00000000000000111e-01
7 2 6 3.67423461417476727e-01
7 2 7 -4.47213595499957872e-01
7 3 1 -5.00000000000000111e-01
7 3 3 -5.00000000000000222e-01
7 3 4 5.00000000000000111e-01
7 3 7 5.00000000000000000e-01
7 4 1 -5.00000000000000111e-01
7 4 3 5.00000000000000222e-01
7 4 4 -5.00000000000000111e-01
7 4 7 5.00000000000000111e-01
7 5 0 -3.53553390593273953e-01
7 5 2 -5.00000000000000222e-01
7 5 5 5.00000000000000333e-01
7 5 6 6.12372435695794692e-01
7 6 0 6.49519052838329003e-01
7 6 1 -1.36930639376291546e-01
7 6 2 3.67423461417476727e-01
7 6 5 6.12372435695794803e-01
7 6 6 1.74999999999999989e-01
7 6 7 -1.36930639376291546e-01
7 7 0 3.95284707521047496e-01
7 7 1 2.50000000000000000e-01
7 7 2 -4.47213595499957983e-01
7 7 3 5.00000000000000000e-01
7 7 4 5.00000000000000111e-01
7 7 6 -1.36930639376291546e-01
7 7 7 2.50000000000000000e-01
8 0 0 5.00000000000000000e-01
8 0 1 8.66025403784438819e-01
8 1 0 8.66025403784438930e-01
8 1 1 -5.00000000000000111e-01
9 0 0 -1.66666666666666713e-01
9 0 1 4.47213595499957983e-01
9 0 2 -3.33333333333333259e-01
9 0 3 2.04124145231931425e-01
9 0 4 -4.18330013267037837e-01
9 0 5 6.66666666666666408e-01
9 1 0 4.47213595499958039e-01
9 1 1 2.00000000000000039e-01
9 1 4 7.48331477354788221e-01
9 1 5 4.47213595499958039e-01
9 2 0 -3.33333333333333204e-01
9 2 2 3.33333333333333426e-01
9 2 3 -8.16496580927726257e-01
9 2 5 3.33333333333333259e-01
9 3 0 2.04124145231931564e-01
9 3 2 -8.16496580927726145e-01
9 3 3 -4.99999999999999889e-01
9 3 5 -2.04124145231931564e-01
9 4 0 -4.18330013267037781e-01
9 4 1 7.48331477354788333e-01
9 4 4 2.99999999999999933e-01
9 4 5 -4.18330013267037781e-01
9 5 0 6.66666666666666408e-01
9 5 1 4.47213595499957928e-01
9 5 2 3.33333333333333259e-01
9 5 3 -2.04124145231931536e-01
9 5 4 -4.18330013267037615e-01
9 5 5 -1.66666666666666657e-01
10 0 0 3.99999999999999967e-01
10 0 1 -4.47213595499958039e-01
10 0 2 -7.34846922834953453e-01
10 0 3 3.16227766016837997e-01
10 1 0 -4.47213595499957983e-01
10 1 2 -5.47722557505166185e-01
10 1 3 -7.07106781186547684e-01
10 2 0 -7.34846922834953453e-01
10 2 1 -5.47722557505166296e-01
10 2 2 9.99999999999999917e-02
10 2 3 3.87298334620741813e-01
10 3 0 3.16227766016837886e-01
10 3 1 -7.07106781186547795e-01
10 3 2 3.87298334620741702e-01
10 3 3 -5.00000000000000111e-01
11 0 0 1.00000000000000000e+00
12 0 0 -5.00000000000000000e-01
12 0 1 8.66025403784438819e-01
12 1 0 8.66025403784438486e-01
12 1 1 4.99999999999999778e-01
13 0 0 -1.00000000000000000e+00
14 0 0 7.50000000000000000e-01
14 0 1 4.47213595499958150e-01
14 0 2 4.67707173346742777e-01
14 0 3 1.36930639376291574e-01
14 1 0 4.47213595499957983e-01
14 1 1 2.00000000000000039e-01
14 1 2 -8.36660026534075563e-01
14 1 3 -2.44948974278317883e-01
14 2 0 4.67707173346742777e-01
14 2 1 -8.36660026534075785e-01
14 2 2 1.25000000000000028e-01
14 2 3 -2.56173769148990038e-01
14 3 0 1.36930639376291602e-01
14 3 1 -2.44948974278317883e-01
14 3 2 -2.56173769148989927e-01
14 3 3 9.25000000000000155e-01
15 0 0 -1.00000000000000000e+00
16 0 0 -5.00000000000000222e-01
16 0 1 -3.16227766016837886e-01
16 0 2 -7.07106781186547795e-01
16 0 3 -3.87298334620741813e-01
16 1 0 -3.16227766016837997e-01
16 1 1 4.00000000000000022e-01
16 1 2 4.47213595499957983e-01
16 1 3 -7.34846922834953453e-01
16 2 0 -7.07106781186547795e-01
16 2 1 4.47213595499957983e-01
16 2 3 5.47722557505166185e-01
16 3 0 -3.87298334620741758e-01
16 3 1 -7.34846922834953231e-01
16 3 2 5.47722557505166074e-01
16 3 3 1.00000000000000006e-01
17 0 0 2.50000000000000056e-01
17 0 1 8.83883476483184549e-01
17 0 2 -2.49999999999999889e-01
17 0 3 -3.06186217847897346e-01
17 1 0 8.83883476483184882e-01
17 1 1 -3.75000000000000056e-01
17 1 2 -1.76776695296637032e-01
17 1 3 -2.16506350946109705e-01
17 2 0 -2.49999999999999889e-01
17 2 1 -1.76776695296636921e-01
17 2 2 2.50000000000000111e-01
17 2 3 -9.18558653543691928e-01
17 3 0 -3.06186217847897346e-01
17 3 1 -2.16506350946109705e-01
17 3 2 -9.18558653543692594e-01
17 3 3 -1.24999999999999972e-01
18 0 0 -8.33333333333333287e-02
18 0 1 -2.10818510677891952e-01
18 0 2 3.48608344389198188e-01
18 0 3 7.93856620135735436e-01
18 0 4 -4.43705983732471165e-01
18 1 0 -2.10818510677892035e-01
18 1 1 6.66666666666666935e-02
18 1 2 8.81917103688197312e-01
18 1 3 -1.82574185835055414e-01
18 1 4 3.74165738677394222e-01
18 2 0 3.48608344389198244e-01
18 2 1 8.81917103688196868e-01
18 2 2 4.16666666666666644e-02
18 2 3 3.01903682212279978e-01
18 2 4 8.83883476483184605e-02
18 3 0 7.93856620135735547e-01
18 3 1 -1.82574185835055358e-01
18 3 2 3.01903682212279978e-01
18 3 3 -3.12500000000000000e-01
18 3 4 -3.84260653723485002e-01
18 4 0 -4.43705983732471276e-01
18 4 1 3.74165738677394055e-01
18 4 2 8.83883476483184743e-02
18 4 3 -3.84260653723484891e-01
18 4 4 -7.12499999999999911e-01
19 0 0 1.00000000000000000e+00
20 0 0 2.00000000000000039e-01
20 0 1 9.79795897113271308e-01
20 1 0 9.79795897113271197e-01
20 1 1 -2.00000000000000011e-01
21 0 0 -2.49999999999999972e-01
21 0 1 9.68245836551854144e-01
21 1 0 9.68245836551854255e-01
21 1 1 2.49999999999999972e-01
22 0 0 1.00000000000000000e+00
23 0 0 1.00000000000000000e+00
24 0 0 -8.33333333333333703e-02
24 0 1 -2.10818510677892007e-01
24 0 2 3.48608344389198188e-01
24 0 3 7.93856620135735436e-01
24 0 4 -4.43705983732471054e-01
24 1 0 -2.10818510677891979e-01
24 1 1 6.66666666666666380e-02
24 1 2 8.81917103688196979e-01
24 1 3 -1.82574185835055414e-01
24 1 4 3.74165738677393944e-01
24 2 0 3.48608344389198077e-01
24 2 1 8.81917103688196868e-01
24 2 2 4.16666666666666574e-02
24 2 3 3.01903682212280033e-01
24 2 4 8.83883476483184743e-02
24 3 0 7.93856620135735325e-01
24 3 1 -1.82574185835055414e-01
24 3 2 3.01903682212279922e-01
24 3 3 -3.12500000000000111e-01
24 3 4 -3.84260653723484891e-01
24 4 0 -4.43705983732471165e-01
24 4 1 3.74165738677394222e-01
24 4 2 8.83883476483184327e-02
24 4 3 -3.84260653723485002e-01
24 4 4 -7.12499999999999911e-01
25 0 0 1.00000000000000000e+00
26 0 0 -1.66666666666666657e-01
26 0 1 4.47213595499958039e-01
26 0 2 -3.33333333333333259e-01
26 0 3 2.04124145231931592e-01
26 0 4 -4.18330013267037781e-01
26 0 5 6.66666666666666630e-01
26 1 0 4.47213595499957761e-01
26 1 1 2.00000000000000039e-01
26 1 4 7.48331477354787999e-01
26 1 5 4.47213595499957872e-01
26 2 0 -3.33333333333333370e-01
26 2 2 3.33333333333333315e-01
26 2 3 -8.16496580927726701e-01
26 2 5 3.33333333333333370e-01
26 3 0 2.04124145231931564e-01
26 3 2 -8.16496580927726479e-01
26 3 3 -5.00000000000000000e-01
26 3 5 -2.04124145231931536e-01
26 4 0 -4.18330013267037670e-01
26 4 1 7.48331477354788333e-01
26 4 4 2.99999999999999989e-01
26 4 5 -4.18330013267037726e-01
26 5 0 6.66666666666666741e-01
26 5 1 4.47213595499957817e-01
26 5 2 3.33333333333333370e-01
26 5 3 -2.04124145231931536e-01
26 5 4 -4.18330013267037892e-01
26 5 5 -1.66666666666666630e-01
27 0 0 8.33333333333333426e-02
27 0 1 1.31761569173682480e-01
27 0 2 5.59016994374947340e-01
27 0 3 1.61374306091975617e-01
27 0 4 4.72455591261534344e-02
27 0 5 7.96819072889595192e-01
27 1 0 1.31761569173682591e-01
27 1 1 -2.91666666666666907e-01
27 1 2 1.76776695296636782e-01
27 1 3 8.67527617235709370e-01
27 1 4 -2.24105364250198807e-01
27 1 5 -2.51976315339484891e-01
27 2 0 5.59016994374947340e-01
27 2 1 1.76776695296636865e-01
27 2 2 -2.50000000000000000e-01
27 2 3 2.16506350946109816e-01
27 2 4 7.39509972887451905e-01
27 3 0 1.61374306091975783e-01
27 3 1 8.67527617235709037e-01
27 3 2 2.16506350946109927e-01
27 3 3 6.25000000000000000e-02
27 3 4 -2.74471895516775255e-01
27 3 5 -3.08606699924183769e-01
27 4 0 4.72455591261534066e-02
27 4 1 -2.24105364250198807e-01
27 4 2 7.39509972887452238e-01
27 4 3 -2.74471895516775033e-01
27 4 4 3.48214285714285920e-01
27 4 5 -4.51753951452625646e-01
27 5 0 7.96819072889595748e-01
27 5 1 -2.51976315339484558e-01
27 5 3 -3.08606699924183714e-01
27 5 4 -4.51753951452625813e-01
27 5 5 4.76190476190476511e-02
28 0 0 3.42592592592592615e-01
28 0 1 -3.31269329999969026e-02
28 0 2 -8.66124395086560750e-02
28 0 3 1.90181443578182785e-01
28 0 4 2.33853586673371389e-01
28 0 5 2.33853586673371250e-01
28 0 6 4.33613691358256503e-01
28 0 7 -7.40740740740740700e-02
28 0 8 -2.34242789642102378e-01
28 0 9 6.92899516069248711e-01
28 1 0 -3.31269329999968887e-02
28 1 1 5.18518518518518504e-02
28 1 2 3.09874083901509556e-01
28 1 3 -2.72165526975908789e-01
28 1 6 1.63299316185545246e-01
28 1 7 -3.31269329999968887e-02
28 1 8 8.38052481406278749e-01
28 1 9 3.09874083901509445e-01
28 2 0 -8.66124395086560195e-02
28 2 1 3.09874083901509334e-01
28 2 2 1.43518518518518490e-01
28 2 3 -7.11593803191638841e-02
28 2 4 3.12500000000000056e-01
28 2 5 3.12499999999999778e-01
28 2 6 -3.96459404635341406e-01
28 2 7 6.92899516069248600e-01
28 2 8 -6.26040188687790322e-02
28 2 9 1.85185185185185119e-01
28 3 0 1.90181443578182646e-01
28 3 1 -2.72165526975908734e-01
28 3 2 -7.11593803191638841e-02
28 3 3 8.12500000000000000e-01
28 3 6 -1.87499999999999944e-01
28 3 7 1.90181443578182646e-01
28 3 8 3.84900179459750802e-01
28 3 9 -7.11593803191638841e-02
28 4 0 2.33853586673371444e-01
28 4 2 3.12500000000000000e-01
28 4 4 -1.87499999999999972e-01
28 4 5 8.12499999999999889e-01
28 4 7 -2.33853586673371389e-01
28 4 9 -3.12500000000000000e-01
28 5 0 2.33853586673371305e-01
28 5 2 3.12499999999999944e-01
28 5 4 8.12500000000000222e-01
28 5 5 -1.87499999999999833e-01
28 5 7 -2.33853586673371250e-01
28 5 9 -3.12499999999999889e-01
28 6 0 4.33613691358256448e-01
28 6 1 1.63299316185545135e-01
28 6 2 -3.96459404635341517e-01
28 6 3 -1.87499999999999944e-01
28 6 6 4.69642857142857029e-01
28 6 7 4.33613691358256670e-01
28 6 8 1.64957219768464475e-01
28 6 9 -3.96459404635341572e-01
28 7 0 -7.40740740740740700e-02
28 7 1 -3.31269329999968956e-02
28 7 2 6.92899516069248489e-01
28 7 3 1.90181443578182674e-01
28 7 4 -2.33853586673371194e-01
28 7 5 -2.33853586673371222e-01
28 7 6 4.33613691358256503e-01
28 7 7 3.42592592592592671e-01
28 7 8 -2.34242789642102295e-01
28 7 9 -8.66124395086560334e-02
28 8 0 -2.34242789642102212e-01
28 8 1 8.38052481406278749e-01
28 8 2 -6.26040188687790461e-02
28 8 3 3.84900179459750635e-01
28 8 6 1.64957219768464586e-01
28 8 7 -2.34242789642102128e-01
28 8 8 6.87830687830688070e-02
28 8 9 -6.26040188687790183e-02
28 9 0 6.92899516069248600e-01
28 9 1 3.09874083901509445e-01
28 9 2 1.85185185185185175e-01
28 9 3 -7.11593803191638286e-02
28 9 4 -3.12499999999999778e-01
28 9 5 -3.12499999999999778e-01
28 9 6 -3.96459404635341850e-01
28 9 7 -8.66124395086559917e-02
28 9 8 -6.26040188687789906e-02
28 9 9 1.43518518518518517e-01
29 0 0 3.33333333333333537e-01
29 0 1 9.42809041582063467e-01
29 1 0 9.42809041582063578e-01
29 1 1 -3.33333333333333703e-01
30 0 0 6.66666666666666796e-02
30 0 1 1.82574185835055303e-01
30 0 2 3.74165738677394111e-01
30 0 3 2.10818510677891979e-01
30 0 4 8.81917103688196646e-01
30 1 0 1.82574185835055358e-01
30 1 1 -3.12500000000000056e-01
30 1 2 3.84260653723485057e-01
30 1 3 7.93856620135735547e-01
30 1 4 -3.01903682212279922e-01
30 2 0 3.74165738677394111e-01
30 2 1 3.84260653723484891e-01
30 2 2 -7.12500000000000133e-01
30 2 3 4.43705983732471332e-01
30 2 4 8.83883476483184327e-02
30 3 0 2.10818510677892007e-01
30 3 1 7.93856620135735769e-01
30 3 2 4.43705983732471332e-01
30 3 3 -8.33333333333333565e-02
30 3 4 -3.48608344389198188e-01
30 4 0 8.81917103688196868e-01
30 4 1 -3.01903682212279922e-01
30 4 2 8.83883476483184050e-02
30 4 3 -3.48608344389198188e-01
30 4 4 4.16666666666666644e-02
31 0 0 -8.33333333333333287e-02
31 0 1 2.28217732293819281e-01
31 0 2 3.34076552390531023e-01
31 0 3 1.66666666666666435e-01
31 0 4 -3.27326835353988488e-01
31 0 5 8.33333333333334036e-01
31 1 0 2.28217732293819253e-01
31 1 1 2.49999999999999889e-01
31 1 3 9.12870929175277457e-01
31 1 5 -2.28217732293819142e-01
31 2 0 3.34076552390530745e-01
31 2 2 1.07142857142857234e-01
31 2 4 8.74817765279706339e-01
31 2 5 3.34076552390530968e-01
31 3 0 1.66666666666666741e-01
31 3 1 9.12870929175277568e-01
31 3 3 -3.33333333333333315e-01
31 3 5 -1.66666666666666657e-01
31 4 0 -3.27326835353988377e-01
31 4 2 8.74817765279706672e-01
31 4 4 1.42857142857142960e-01
31 4 5 -3.27326835353988710e-01
31 5 0 8.33333333333333148e-01
31 5 1 -2.28217732293819336e-01
31 5 2 3.34076552390530523e-01
31 5 3 -1.66666666666666768e-01
31 5 4 -3.27326835353987877e-01
31 5 5 -8.33333333333334120e-02
32 0 0 6.25000000000000000e-02
32 0 1 2.74471895516774922e-01
32 0 2 -1.61374306091975728e-01
32 0 3 3.08606699924183936e-01
32 0 4 8.67527617235708925e-01
32 0 5 -2.16506350946109760e-01
32 1 0 2.74471895516775255e-01
32 1 1 3.48214285714285754e-01
32 1 2 4.72455591261534136e-02
32 1 3 -4.51753951452625868e-01
32 1 4 2.24105364250199030e-01
32 1 5 7.39509972887451794e-01
32 2 0 -1.61374306091975728e-01
32 2 1 4.72455591261533789e-02
32 2 2 8.33333333333333426e-02
32 2 3 7.96819072889595748e-01
32 2 4 -1.31761569173682563e-01
32 2 5 5.59016994374947118e-01
32 3 0 3.08606699924183825e-01
32 3 1 -4.51753951452625646e-01
32 3 2 7.96819072889596303e-01
32 3 3 4.76190476190476233e-02
32 3 4 2.51976315339484891e-01
32 4 0 8.67527617235708925e-01
32 4 1 2.24105364250198696e-01
32 4 2 -1.31761569173682536e-01
32 4 3 2.51976315339484946e-01
32 4 4 -2.91666666666666963e-01
32 4 5 -1.76776695296636838e-01
32 5 0 -2.16506350946109510e-01
32 5 1 7.39509972887452016e-01
32 5 2 5.59016994374947118e-01
32 5 4 -1.76776695296636838e-01
32 5 5 -2.49999999999999944e-01
33 0 0 1.00000000000000000e+00
34 0 0 -3.33333333333333370e-01
34 0 1 9.42809041582065022e-01
34 1 0 9.42809041582065577e-01
34 1 1 3.33333333333333537e-01
35 0 0 1.00000000000000000e+00
36 0 0 -1.00000000000000000e+00
37 0 0 2.00000000000000039e-01
37 0 1 9.79795897113270975e-01
37 1 0 9.79795897113271308e-01
37 1 1 -2.00000000000000039e-01
38 0 0 3.99999999999999856e-01
38 0 1 -4.47213595499957928e-01
38 0 2 -7.34846922834953453e-01
38 0 3 3.16227766016837941e-01
38 1 0 -4.47213595499957983e-01
38 1 2 -5.47722557505166296e-01
38 1 3 -7.07106781186547684e-01
38 2 0 -7.34846922834953564e-01
38 2 1 -5.47722557505166296e-01
38 2 2 1.00000000000000006e-01
38 2 3 3.87298334620741647e-01
38 3 0 3.16227766016837941e-01
38 3 1 -7.07106781186547795e-01
38 3 2 3.87298334620741758e-01
38 3 3 -5.00000000000000222e-01
39 0 0 1.00000000000000000e+00
40 0 0 6.66666666666666796e-02
40 0 1 1.82574185835055275e-01
40 0 2 3.74165738677394111e-01
40 0 3 2.10818510677891952e-01
40 0 4 8.81917103688196646e-01
40 1 0 1.82574185835055386e-01
40 1 1 -3.12499999999999944e-01
40 1 2 3.84260653723485168e-01
40 1 3 7.93856620135735325e-01
40 1 4 -3.01903682212279978e-01
40 2 0 3.74165738677394111e-01
40 2 1 3.84260653723484891e-01
40 2 2 -7.12500000000000022e-01
40 2 3 4.43705983732471332e-01
40 2 4 8.83883476483184466e-02
40 3 0 2.10818510677891952e-01
40 3 1 7.93856620135735658e-01
40 3 2 4.43705983732471332e-01
40 3 3 -8.33333333333333565e-02
40 3 4 -3.48608344389198133e-01
40 4 0 8.81917103688197090e-01
40 4 1 -3.01903682212280033e-01
40 4 2 8.83883476483184605e-02
40 4 3 -3.48608344389198188e-01
40 4 4 4.16666666666666782e-02
41 0 0 2.00000000000000011e-01
41 0 1 -2.44948974278317799e-01
41 0 2 4.47213595499957983e-01
41 0 3 -8.36660026534075563e-01
41 1 0 -2.44948974278317827e-01
41 1 1 9.25000000000000155e-01
41 1 2 1.36930639376291546e-01
41 1 3 -2.56173769148989983e-01
41 2 0 4.47213595499958039e-01
41 2 1 1.36930639376291546e-01
41 2 2 7.50000000000000222e-01
41 2 3 4.67707173346742611e-01
41 3 0 -8.36660026534075341e-01
41 3 1 -2.56173769148989927e-01
41 3 2 4.67707173346742777e-01
41 3 3 1.25000000000000000e-01
42 0 0 2.49999999999999917e-01
42 0 1 9.68245836551854255e-01
42 1 0 9.68245836551854144e-01
42 1 1 -2.50000000000000056e-01
43 0 0 -1.25000000000000000e-01
43 0 1 3.06186217847897346e-01
43 0 2 2.16506350946109677e-01
43 0 3 -9.18558653543691928e-01
43 1 0 3.06186217847897346e-01
43 1 1 2.50000000000000000e-01
43 1 2 8.83883476483184549e-01
43 1 3 2.49999999999999889e-01
43 2 0 2.16506350946109649e-01
43 2 1 8.83883476483184549e-01
43 2 2 -3.74999999999999889e-01
43 2 3 1.76776695296636976e-01
43 3 0 -9.18558653543691928e-01
43 3 1 2.50000000000000056e-01
43 3 2 1.76776695296636921e-01
43 3 3 2.49999999999999944e-01
44 0 0 1.00000000000000000e+00
45 0 0 -1.00000000000000000e+00
END_VALUES
END_TABLE
